187 31 5
4 6518 9 9193 10 9995 13 6569 14 6825 18 424 20 704 24 660 26 629 29 796
2 23640 8 18952 11 29969 12 28681 14 24544 15 47950 16 38206 17 44553 21 33524 26 45366
3 31764 5 22445 11 31278 12 29934 15 30511 18 35667 19 38166 20 59125 29 66881 30 48953
1 42604 5 28540 6 35076 7 33332 15 38795 17 37854 21 28483 22 33611 26 38544 29 48777
2 9370 3 12064 8 7512 9 13104 13 9364 19 1146 23 1078 26 1586 28 2062 29 2008
2 35235 3 45363 4 34938 11 44670 14 36584 19 36640 21 37493 22 44244 25 64957 26 50737
0 12910 2 8948 6 10005 10 13606 12 10856 14 39622 19 32243 24 46864 27 55512 29 56503
2 38380 4 38057 7 40779 9 53672 11 48657 14 51332 16 48715 18 39037 20 64713 21 42745
1 10710 8 6322 10 11991 13 7881 15 9752 16 23957 17 27937 19 20543 29 35999 30 26350
0 44268 2 30683 3 39502 4 30424 5 27914 10 19538 12 15590 13 12841 25 19248 29 19026
3 10144 5 7168 6 8810 7 8372 11 9989 16 1888 17 2202 20 2508 24 2353 30 2077
4 20361 5 18680 6 22958 12 24913 13 20519 14 50367 19 40988 21 41942 22 49493 30 52572
0 56672 4 38949 5 35735 8 31491 11 49798 20 3664 21 2420 25 4193 28 4257 29 4145
4 49608 5 45514 6 55937 8 40109 14 51945 15 42355 18 27044 23 27226 24 42060 28 52077
1 53137 5 35596 13 39100 15 48387 16 38554 22 41340 23 32210 24 49759 26 47407 27 58941
0 14399 3 12849 9 13957 12 12108 13 9973 14 36686 20 46249 25 52926 26 41340 30 38292
4 9996 6 11271 10 15328 14 10467 15 12467 19 32245 21 32996 23 30337 24 46866 29 56505
2 32897 6 36781 9 46004 11 41706 12 39912 14 9027 15 10752 27 12648 29 12873 30 9422
0 13421 1 12633 5 8462 6 10401 9 13008 13 33032 17 37981 24 40593 29 48941 30 35823
5 13202 7 15419 8 11635 9 20295 10 22066 12 13986 14 11969 15 14256 28 17528 29 17068
3 48807 6 42387 7 40280 11 48062 16 37355 20 1520 21 1004 26 1359 27 1690 28 1766
5 5438 6 6684 11 7579 13 5974 15 7393 18 40576 19 43418 21 44429 28 78135 30 55690
4 40201 8 32503 11 51398 17 46585 19 34255 20 18554 23 11268 25 21232 29 20987 30 15361
2 11272 8 9036 10 17139 12 13675 15 13939 20 9350 27 10391 28 10862 29 10577 30 7742
2 11698 5 10642 9 16359 11 14830 13 11690 14 8636 26 9731 27 12099 29 12315 30 9014
3 18720 6 16258 9 20334 11 18434 12 17642 16 34777 19 29821 25 52868 27 51341 30 38250
0 24635 6 19091 7 18142 8 13689 9 23878 10 8203 20 7062 25 8081 26 6312 28 8203
0 54285 1 51098 3 48441 8 30165 15 46530 18 34031 22 43973 26 50426 28 65533 30 46708
2 14950 3 19247 7 15885 8 11986 10 22732 12 9075 14 7766 23 5946 29 11075 30 8106
1 33454 2 24634 5 22411 12 29887 15 30464 18 24698 19 26428 21 27043 24 38412 25 46852
2 40791 4 40447 7 43340 9 57042 10 62021 11 60515 18 37691 22 48701 23 37945 25 71501
0 25994 1 24468 7 19143 9 25195 10 27394 15 27270 23 17530 25 33031 28 33529 30 23898
6 31643 7 30070 9 39577 13 28281 16 27886 22 24910 23 19408 25 36571 28 37123 29 36149
0 42394 1 39905 3 37830 8 23558 13 29364 16 2190 21 1921 25 3329 27 3233 29 3291
0 40343 3 35999 8 22418 12 33925 21 24176 23 8039 24 12419 25 15148 27 14711 29 14973
2 19727 9 27587 12 23934 14 20482 15 24395 18 39889 19 42684 22 51542 23 40159 29 74798
2 16714 3 21518 4 16573 9 23373 12 20278 14 44244 17 48964 23 33874 25 63829 30 46181
1 16939 11 15813 12 15133 18 9849 19 10539 20 24484 21 16172 23 14869 24 22971 29 27695
0 20678 6 16024 8 11490 12 17388 15 17724 21 6834 22 8064 24 9707 26 9248 28 12019
0 26940 3 24040 4 18515 6 20877 10 28392 14 38782 17 42919 18 29493 20 48891 27 54335
3 29092 4 22407 10 34359 13 22582 14 23462 15 49275 17 45784 21 34450 26 46619 27 57961
3 47983 4 36957 5 33907 7 39600 8 29880 10 46860 12 37391 14 31999 22 31443 26 36058
3 56199 4 43284 8 34996 9 61044 12 52961 14 34033 16 32298 17 37664 27 47681 30 35523
0 42340 5 26698 10 44622 11 37205 12 35605 15 49092 17 45614 23 31557 28 60360 30 43022
1 7132 10 7985 12 6371 13 5248 15 6494 19 10062 21 10296 22 12150 24 14625 25 17839
5 16621 7 19412 8 14647 10 27780 13 18258 17 11532 19 8480 27 14600 29 14860 30 10877
1 48231 3 45723 5 32309 7 37735 11 45024 16 43811 17 51089 21 38442 24 54602 27 64678
5 35812 12 47760 13 39337 15 48681 17 45232 18 34752 21 38052 22 44903 24 54048 27 64022
2 6962 3 8963 4 6903 7 7397 12 8447 13 11823 21 10229 22 12070 23 9405 24 14529
4 15903 8 12858 13 16027 14 16652 17 18428 20 10699 22 8339 23 6497 24 10038 28 12428
2 7600 3 9784 11 9635 12 9220 14 7891 15 19773 16 15755 18 12625 22 16313 28 24311
0 27427 9 26584 14 19738 17 21843 19 16062 21 33197 23 30523 25 57514 26 44924 29 56851
1 13442 8 7935 10 15050 13 9891 15 12240 19 6882 21 7042 25 12201 26 9530 29 12060
5 27172 10 45414 11 37865 12 36237 15 36936 19 35031 21 35846 22 42300 23 32958 30 44932
0 41313 3 36865 4 28394 5 26050 7 30425 9 60478 16 42613 17 49692 18 34147 23 34378
0 42172 1 39696 2 29230 3 37632 7 31057 12 48264 17 45710 19 33612 21 34394 25 59588
0 42607 3 38020 5 26866 9 41298 10 44903 19 34520 22 41683 26 47801 29 60492 30 44277
3 26221 8 16329 9 28482 15 25187 16 20069 19 2368 20 3669 27 4077 28 4262 30 3037
6 30519 7 29002 8 21883 10 41503 16 26896 19 12050 22 14551 25 21363 27 20747 28 21685
2 11933 6 13342 10 18144 12 14478 14 12390 15 42391 18 27067 20 44869 22 34973 25 51346
5 10322 8 9097 9 15868 10 17253 15 14032 17 41289 22 36661 23 28565 24 44128 30 38942
1 29098 2 21426 6 23956 7 22765 9 29963 11 4427 20 4571 22 3563 27 5080 30 3785
6 14867 8 10660 9 18595 10 20218 11 16857 13 7251 16 7149 17 8337 25 10869 27 10555
2 18535 5 16862 10 28183 11 23498 13 18522 17 3640 20 4146 25 4745 28 4816 30 3433
6 22114 11 25074 14 20535 18 15617 19 16711 21 11776 22 13896 26 15935 27 19812 29 20166
2 30232 6 33802 9 42278 12 36679 14 31389 17 5077 20 5784 21 3820 25 6619 29 6542
5 16449 8 14495 10 27492 11 22922 12 21937 14 14158 15 16863 22 13912 27 19836 29 20190
2 14999 6 16769 9 20974 11 19014 14 15572 18 29074 21 31835 23 29270 27 53562 30 39904
1 31804 2 23419 4 23222 6 26184 7 24883 12 3615 13 2978 19 2518 24 3659 30 3229
0 33582 2 23276 9 32550 12 28240 15 28784 16 30185 19 25883 23 24352 24 37620 28 46579
3 36155 7 29839 12 34072 14 29158 16 27672 19 4087 24 5940 26 5659 27 7037 30 5242
0 9448 2 6548 3 8431 5 5957 7 6958 8 21593 9 37665 13 26915 15 33308 23 21410
3 47644 4 36696 5 33667 10 56269 11 46916 16 44495 19 38153 20 59106 21 39042 27 65687
0 14486 6 11226 9 14041 10 15267 13 10034 14 52688 18 40069 23 40340 24 62318 30 54995
1 50796 5 34028 6 41820 8 29987 10 56872 11 34788 13 27421 14 28490 24 33698 26 32105
1 55030 8 32487 9 56667 10 61613 14 42072 20 18017 21 11901 25 20619 27 20024 29 20381
0 8656 2 6000 7 6375 8 4810 12 7279 13 457 20 598 24 561 26 535 30 495
2 29938 12 36322 14 31084 15 37023 16 29499 22 23122 23 18015 24 27831 25 33947 27 32967
1 35083 7 27448 11 32750 13 25815 15 31946 18 8021 21 8782 25 15216 27 14777 29 15040
0 13877 5 8750 6 10754 10 14624 15 11894 17 49431 19 36348 22 43891 23 34198 24 52830
4 15787 5 14484 6 17801 7 16916 14 16530 15 1759 16 1401 17 1634 25 2131 28 2163
0 54726 1 51513 6 42410 10 57675 14 39383 15 54190 21 37886 22 44707 27 63743 30 47489
0 48473 3 43254 6 37565 10 51085 15 41548 18 38391 21 42038 23 38651 24 59709 30 52692
1 42798 2 31514 3 40572 9 44070 10 47917 16 40140 20 53321 22 41562 23 32383 24 50026
5 36842 8 32467 10 61575 11 51340 13 40469 14 19270 15 22952 19 15681 25 27801 29 27480
4 19398 7 20786 8 15684 9 27357 10 29745 12 20349 17 19272 18 13243 25 25123 29 24833
3 25032 5 17688 6 21739 7 20659 8 15588 14 7541 17 8346 26 8498 27 10566 28 11044
2 5796 5 5273 9 8106 10 8813 13 5792 14 559 15 666 20 705 27 784 30 584
6 26535 7 25216 10 36086 12 28794 15 29349 20 5189 24 4869 25 5939 26 4639 28 6028
4 16679 6 18807 8 13485 9 23522 10 25576 17 46231 19 33995 22 41049 29 59571 30 43603
0 59390 6 46025 8 33002 11 52187 12 49943 13 22597 17 25983 21 19551 24 27770 29 33481
0 52967 1 49857 3 47264 7 39007 9 51340 10 58363 15 47468 16 37821 20 50242 25 57495
0 19556 3 17450 5 12331 11 17184 14 14073 18 42598 21 46644 22 55042 23 42886 24 66252
2 26108 5 23751 6 29190 7 27740 10 39696 12 1128 14 965 15 1149 21 803 29 1376
3 13567 7 11197 14 10942 16 10384 17 12109 18 1168 20 1936 26 1730 29 2190 30 1603
3 42493 6 36903 9 46157 13 32983 15 40817 16 39380 21 34554 22 40775 26 46760 28 60767
4 14867 6 16764 8 12020 10 22797 17 17228 21 4122 22 4864 24 5855 28 7250 29 7059
6 42666 9 53365 10 58023 11 48378 13 38134 17 56461 18 38799 19 41517 21 42484 28 74714
9 8890 10 9666 11 8059 13 6352 14 6600 16 34759 17 40534 20 46174 23 28042 28 53637
1 44585 3 42267 9 45911 11 41621 12 39832 14 48430 19 39411 21 40329 24 57282 26 54574
0 35152 2 24364 3 31367 7 25887 9 34072 16 37363 22 38687 25 56798 28 57655 29 56143
0 40982 4 28166 7 30181 12 34463 13 28385 14 14789 16 14035 24 17492 27 20719 29 21089
0 45534 5 28712 12 38291 13 31539 15 39029 16 40369 18 32350 19 34616 25 61369 28 62294
0 58850 2 40790 5 37108 6 45606 7 43339 13 46964 17 54001 18 37108 21 40633 28 71458
4 30250 7 32414 11 38676 12 37013 15 37726 17 47708 21 35898 22 42361 23 33006 26 48579
1 14457 7 11311 8 8534 10 16187 14 11053 16 9355 18 7496 27 13811 29 14057 30 10289
3 13431 5 9491 13 10425 16 10280 17 11988 18 27545 19 29474 21 30161 25 52253 29 51650
3 30967 4 23851 7 25557 9 33637 10 36573 14 45635 21 38001 22 44843 27 63937 29 65077
1 8781 4 6411 7 6870 9 9042 13 6461 17 4220 18 2900 25 5501 27 5342 30 3980
1 42668 11 39831 14 32621 18 24808 20 41124 21 9533 23 8765 24 13540 28 16765 29 16325
2 12644 6 14137 12 15340 13 12635 17 14528 19 34476 21 35279 22 41630 24 50109 25 61120
1 10422 5 6981 11 9729 13 7669 16 7561 19 11276 22 13616 23 10609 26 15614 30 14463
2 25371 4 25157 12 30781 13 25353 16 24999 19 40858 21 41810 22 49337 24 59385 30 52407
0 38012 1 35781 9 36844 10 40060 11 33402 13 35766 18 28261 20 46848 24 43953 29 52993
2 43701 3 56262 5 39757 6 48861 9 61113 10 63052 13 41439 19 35037 25 62115 29 61398
4 28247 5 25916 8 22839 9 39838 13 28467 18 10532 20 17459 23 10603 27 19403 30 14455
3 8264 6 7177 8 5146 9 8977 10 9761 13 27108 16 26729 17 31170 18 21419 23 21564
1 7176 2 5284 7 5614 11 6699 14 5486 16 23605 18 18916 23 19043 25 35884 26 28029
0 31656 2 21942 3 28248 5 19961 11 27816 12 6990 14 5982 17 6620 20 7541 22 5878
9 23251 10 25280 11 21078 12 20172 16 16383 17 40482 18 27818 19 29767 28 53568 30 38181
2 22890 8 18351 13 22874 14 23766 16 22554 18 11520 20 19097 21 12614 22 14886 28 22184
2 25868 6 28923 7 27485 9 36175 10 39332 16 19753 22 20453 24 24618 27 29161 29 29682
0 14083 4 9679 10 14842 12 11843 13 9754 23 16221 26 23874 27 29683 28 31026 29 30212
6 45532 7 43269 8 32648 10 61919 11 51627 13 47886 14 49753 18 37837 21 41430 30 51931
0 37043 1 34868 2 25675 4 25459 8 20584 14 35469 16 33661 20 44715 23 27156 24 41952
0 21805 4 14986 10 22980 11 19160 13 15103 17 3719 23 2573 26 3787 27 4709 28 4922
2 20904 3 26913 9 29233 11 26502 14 21704 15 49885 16 39747 17 46351 19 34083 27 58679
4 28224 5 25895 12 34534 16 28047 18 22475 19 12529 20 19410 25 22213 28 22548 29 21956
2 35319 5 32131 7 37527 11 44776 12 42851 14 5012 24 5929 25 7231 26 5648 28 7341
2 44980 8 36061 11 57024 13 44948 21 38889 22 14958 25 21961 26 17154 28 22292 30 15889
0 50755 1 47775 3 45291 6 39333 11 44599 20 53115 21 35084 24 49833 25 60783 30 43977
0 26308 7 19375 8 14619 10 27726 15 22550 16 2050 17 2390 24 2555 26 2434 28 3163
1 23018 2 16949 7 18008 8 13588 12 20563 16 10702 17 12480 27 15800 28 16515 29 16081
3 58348 4 44939 6 50673 8 36334 12 54986 13 47002 15 58166 18 37139 21 40666 25 70453
1 58042 4 42379 6 47786 13 42709 14 44375 19 38039 21 38925 22 45933 26 52674 28 68454
0 24998 3 22306 6 19372 7 18409 11 21966 13 35039 14 36406 15 43361 25 52522 30 37999
0 21067 2 14602 9 20419 11 18511 14 15160 20 3054 24 2865 25 3495 29 3454 30 2528
3 31660 4 24385 5 22372 20 32189 21 21262 22 6384 23 4974 25 9373 27 9102 29 9265
1 19471 5 13043 8 11494 16 14127 17 16474 18 13107 21 14352 22 16936 26 19422 29 24578
0 51807 1 48765 5 32667 8 28788 10 54598 16 45721 17 53316 21 40118 23 36886 28 70553
6 22192 9 27757 12 24081 13 19835 15 24546 16 43076 20 57222 23 34752 25 65484 30 47377
2 32696 5 29744 8 26212 11 41450 13 32673 14 35322 19 28744 20 44530 23 27044 30 36869
4 35427 8 28644 9 49964 10 54325 13 35703 23 8494 25 16006 27 15544 28 16248 29 15821
0 59656 1 56153 3 53233 8 33149 14 42931 16 43684 19 37458 24 54443 27 64490 30 48045
2 31685 7 33665 8 25402 16 31220 17 36407 18 19369 20 32108 24 30124 25 36744 30 26584
3 45262 4 34860 5 31983 6 39308 11 44570 16 17439 20 23165 21 15301 25 26510 27 25745
0 7661 1 7212 7 5642 14 5513 15 6567 18 20910 20 34662 21 22896 24 32520 30 28699
0 26167 3 23350 7 19270 10 27577 12 22005 15 44670 16 35593 22 36854 26 42263 27 52545
3 26976 13 20939 15 25913 16 20647 18 16545 20 13630 21 9003 23 8278 27 15148 28 15833
0 47308 1 44531 3 42215 5 29831 11 41570 15 53178 19 36333 24 52807 26 50312 30 46602
2 39984 3 51476 4 39647 5 36375 11 50690 16 27204 22 28168 25 41355 27 40162 28 41979
2 26341 8 21118 10 40051 16 25955 17 30266 18 4637 20 7687 21 5077 25 8797 27 8543
0 50754 3 45289 6 39332 13 35154 14 36525 16 39014 22 40397 23 31475 24 48624 28 60204
0 26993 5 17020 8 14999 13 18696 16 18435 20 17517 27 19467 28 20349 29 19815 30 14503
0 21329 4 14659 14 15349 16 14567 20 19350 21 34630 22 40865 23 31840 28 60901 29 59304
1 10150 9 10451 10 11364 11 9475 12 9067 13 17471 15 21621 22 17838 23 13898 29 25886
7 39624 8 29898 10 56704 18 29446 23 29645 24 15340 25 18711 26 14615 27 18171 30 13537
7 26240 9 34536 10 37550 11 31309 15 30540 19 24830 22 29983 25 44020 27 42749 29 43512
0 21909 1 20623 2 15186 4 15058 12 18424 13 46645 18 36857 19 39439 20 61098 27 67900
4 26120 7 27989 14 27351 15 32576 17 30268 19 10349 20 16033 26 14331 28 18625 30 13275
10 51695 11 43102 12 41249 13 33975 15 42044 18 36144 21 39577 22 46703 25 68567 30 49608
1 60620 3 57467 5 40609 7 47428 8 35786 14 25013 23 19151 26 28186 28 36630 30 26108
1 31735 4 23171 5 21259 7 24829 11 29625 18 5133 19 5492 24 7983 26 7606 28 9884
7 21485 8 16211 15 25006 16 19924 19 17085 20 15064 21 9950 25 17239 28 17499 29 17040
2 15089 3 19426 4 14962 6 16871 10 22943 11 31010 13 24444 15 30249 16 24102 30 26509
6 9153 8 6563 12 9933 14 8500 16 8067 18 3052 20 5059 23 3072 24 4747 27 5623
0 29489 3 26314 5 18594 6 22852 12 24798 16 38723 18 31030 20 51439 22 40095 29 58186
2 9925 4 9841 6 11097 7 10545 9 13879 12 5790 21 4126 24 5861 25 7149 27 6942
0 55548 10 58541 11 48811 12 46712 16 37937 19 40891 22 49376 23 38472 25 72492 26 56623
0 39859 11 35024 12 33519 15 34165 21 23886 22 40851 23 31830 28 60881 29 59284 30 43393
2 17345 3 22330 7 18429 8 13905 17 19930 25 6355 27 6171 28 6451 29 6281 30 4598
0 48622 1 45767 2 33701 12 40887 14 34990 15 43643 20 46194 21 30513 25 52863 26 41291
3 8795 6 7638 11 8661 15 8448 16 6731 19 37704 23 35473 24 54800 27 64913 28 67851
4 34123 10 52324 11 43627 13 34389 17 39541 20 31317 23 19019 25 35838 26 27993 27 34804
9 59574 13 42571 14 44231 16 41976 17 48950 18 18806 24 29248 26 27866 27 34645 28 36213
3 33958 4 26155 5 23996 6 29491 8 21147 9 10282 12 8920 16 7245 26 8602 27 10695
2 18512 8 14841 9 25887 10 28147 15 22892 16 22449 18 17989 19 19250 22 23245 28 34642
1 53653 2 39508 4 39175 5 35942 16 38928 17 28599 18 19653 21 21520 28 37845 29 36852
0 15486 1 14577 3 13819 4 10643 10 16321 12 45088 16 36618 19 31399 21 32130 30 40274
3 6234 4 4801 5 4405 6 5414 7 5145 9 4924 16 3470 27 5122 28 5354 29 5214
0 13092 4 8998 13 9068 14 9422 18 7165 19 6131 24 8911 28 11033 29 10744 30 7864
4 39886 7 42739 8 32249 11 50995 15 49744 16 17503 22 18124 28 27010 29 26301 30 19251
8 31032 10 58854 11 49072 14 40189 18 30563 23 14104 25 26576 27 25809 28 26977 30 19227
0 40264 1 37900 2 27908 5 25389 11 35380 12 39800 13 32781 14 34060 18 25902 25 49137
0 67604 2 46858 5 42628 8 37566 9 65527 10 17338 12 13834 15 14101 21 9858 29 16883
0 62396 3 55678 4 42884 5 39344 6 48355 8 38730 10 73455 13 48276 21 41768 30 52355
2 19990 3 25735 6 22350 8 16026 16 19696 17 9397 22 8344 23 6501 26 9569 30 8863
