501 43 10
3 73176 4 104354 10 94913 11 85717 12 85903 17 99119 18 86593 19 105187 20 74651 21 129559 24 105144 26 71507 27 116476 28 76198 32 134067 38 137174 39 97551 40 86186 41 78708 42 82196
1 68993 2 60837 3 62264 4 88792 5 63679 6 65202 8 106401 9 79361 11 72934 13 80181 15 72945 19 116311 22 78681 27 122851 28 80369 30 108422 31 97314 39 102890 40 90903 41 83016
0 68543 1 55275 2 48741 3 49884 6 52238 7 74413 11 58432 16 54055 17 67569 19 71705 20 73982 22 70518 23 69889 24 99393 27 110106 28 72031 34 95514 35 75698 37 123927 41 74403
0 28362 1 22872 2 20168 6 21615 7 30791 11 24179 12 24231 13 26581 14 20795 15 18608 18 13482 21 20172 22 11079 24 15615 25 15870 26 10620 29 20283 31 13702 34 15006 40 12800
1 46087 2 40639 3 41592 4 59313 8 71075 11 48719 12 48825 15 37495 22 40443 23 40083 25 54775 26 36653 28 39058 32 68720 33 36590 34 51791 35 41046 39 50003 40 44177 41 40344
0 54194 2 38537 3 39441 8 67399 9 50271 14 39735 16 42738 18 46672 21 69830 22 38352 23 2186 25 3159 26 2114 29 4038 30 3039 32 3964 37 3876 39 2884 40 2548 42 2430
2 42739 3 43741 4 62378 5 44735 7 65250 8 74748 9 55752 11 51237 15 39433 20 44623 22 27020 24 38084 25 38706 26 25900 27 42189 29 49467 30 37233 33 25856 35 29004 39 35334
0 100545 1 81083 2 71497 3 73174 5 74838 7 109156 13 94231 14 73721 16 79293 17 99116 19 119815 22 81051 23 80328 26 77694 28 82791 30 111689 32 145665 34 109782 36 83147 39 105990
0 87088 5 64821 8 108308 9 80784 13 81619 15 57137 16 68680 18 75001 19 91106 21 112215 23 68466 24 97371 26 66221 27 107865 31 85443 33 66107 35 74157 36 70869 37 121405 42 76119
1 23600 6 22304 7 31772 10 27625 12 25003 14 21458 15 19201 20 21728 22 20710 24 29191 25 18134 27 19766 28 12930 31 15657 33 12113 37 22247 39 16554 40 14625 41 13356 42 13948
0 43247 1 34876 5 32190 6 32959 8 53785 14 31709 17 42632 19 45243 20 32108 23 30332 24 4066 25 4133 26 2765 28 2947 29 5282 32 5185 34 3908 37 5070 40 3333 42 3179
1 14656 2 12924 4 18862 13 17033 14 13325 15 11924 16 14333 20 13493 24 18128 26 12329 27 13312 28 8709 29 15609 30 11749 31 10545 33 8158 35 9152 37 14983 38 15678 41 8996
2 39777 3 40711 4 58056 6 42632 11 47687 12 47791 13 52425 14 41014 20 41531 22 39586 23 7479 24 10637 28 7709 29 13817 30 10400 32 13563 34 10222 36 7742 40 8719 42 8316
1 63333 5 58455 6 59853 7 85260 9 72850 10 74133 11 66950 13 73603 15 51526 16 61935 18 44029 20 37957 21 65876 22 36180 23 35857 28 36957 29 66238 30 49856 32 65023 37 63583
0 16363 1 13196 3 11908 7 17764 9 15179 10 15446 12 13980 13 15335 16 12904 17 16130 23 5640 24 8021 25 8152 26 5455 28 5812 29 10418 35 6108 37 10000 38 10464 42 6270
0 48792 1 39348 3 35510 5 36317 7 52971 9 45261 13 45728 17 48099 18 42021 19 51044 21 74499 25 58613 32 73535 33 39154 34 55420 35 43922 37 71906 40 47272 41 43171 42 45084
1 21969 4 28273 5 20277 6 20762 7 29575 8 33881 9 25270 10 25715 11 23224 12 23274 13 6603 14 5166 16 5556 21 9078 25 7142 29 9128 33 4771 34 6753 37 8762 42 5494
1 31060 2 27388 3 28031 4 39974 7 41814 11 32834 12 32906 13 36097 18 33170 23 27014 24 31066 30 30372 31 27261 32 39612 34 29854 35 23660 36 22611 37 38734 40 25465 41 23255
0 25461 4 26425 5 18951 7 27641 10 24034 11 21705 12 21752 13 23862 22 18018 24 25396 26 6000 27 9773 28 6394 29 11460 30 8625 35 6719 36 6421 38 11510 39 8185 40 7232
0 88046 3 64078 6 67101 7 95586 8 109500 11 75059 12 75222 13 82517 15 57766 16 69435 18 63790 19 77488 24 73882 25 75089 27 81845 28 53543 31 64832 34 70999 37 92119 40 60561
3 48250 7 71975 8 82452 9 61498 10 62582 12 56641 15 43497 16 52284 18 57096 23 46499 24 26132 26 17772 28 18938 29 33944 30 25549 34 25113 35 19902 36 19020 37 32583 42 20429
2 57509 3 58858 6 61635 7 87799 14 59297 17 79724 19 84605 22 57233 24 80668 25 81986 26 40912 27 66640 28 43596 29 78137 31 52787 32 76704 37 75005 38 78482 41 45031 42 47027
0 33298 4 34558 5 24784 6 25377 7 36149 8 41412 9 30888 10 31432 11 28386 14 24414 16 75899 18 82884 19 100682 20 71454 26 65287 29 124691 31 84238 34 92251 37 119693 39 89065
0 22906 1 18472 4 23773 5 17049 9 21248 11 19527 12 19570 13 21468 16 18064 18 19727 19 20973 22 14187 25 20324 28 14492 30 19550 31 17547 32 25498 34 19217 39 18553 40 16391
0 71458 1 57626 5 53187 6 54459 12 61050 13 66970 16 56354 17 70442 20 53053 22 50569 25 14432 26 9657 27 15730 28 10290 30 13882 32 18106 36 10335 39 13174 41 10629 42 11100
1 91894 2 81030 4 118265 5 84816 9 105703 10 107565 15 74763 17 112332 18 98136 19 119209 21 83982 22 46124 23 45713 32 82894 34 62474 37 81058 38 84816 39 60316 40 53289 42 50822
0 65883 4 68377 7 71525 8 81937 10 62191 12 56287 14 48306 17 64947 18 56739 25 66789 26 49553 27 80715 29 94641 30 71235 32 92905 36 53031 38 95059 40 59725 41 54543 42 56959
2 15474 3 15837 6 16585 7 23625 8 27064 9 20186 12 18592 14 15955 16 17161 17 21452 19 109771 23 73594 28 75850 29 135947 30 102326 31 91842 33 71058 36 76177 38 136547 42 81820
0 49978 1 40304 3 36373 4 51870 6 38089 7 54258 8 62157 10 47177 19 52284 20 37106 21 49186 24 38075 25 38697 27 42179 28 27593 32 48549 33 25850 34 36589 39 35326 42 29765
1 85962 2 75800 4 110630 5 79341 8 132570 11 90872 13 99901 14 78157 16 84064 19 111514 22 26328 24 37108 26 25237 29 48200 32 47316 35 28262 38 48413 39 34429 40 30417 42 29009
0 57841 3 42095 4 60031 5 43052 8 71935 16 45615 18 49813 20 42944 21 74530 25 58637 28 62958 29 112840 30 84934 31 76232 32 110771 33 58980 35 66163 37 108317 39 80600 42 67913
1 87804 2 77424 3 79240 5 81041 8 135411 9 100999 11 92819 12 93021 13 102042 14 79832 19 13702 24 13064 26 8885 28 9468 29 16969 33 8869 36 9509 38 17044 41 9780 42 10213
0 25941 1 20920 8 32262 12 22163 13 24312 14 19020 16 20458 21 33426 22 18358 24 25875 25 1903 27 2074 30 1831 32 2388 33 1271 34 1799 35 1426 36 1363 37 2335 38 2443
1 11323 4 14572 5 10450 12 11995 13 13159 14 10295 16 11073 17 13841 18 12092 24 14005 25 9405 27 10252 28 6706 31 8120 33 6283 34 8893 37 11538 39 8586 40 7585 41 6927
0 20726 1 16714 2 14738 3 15084 8 25776 10 19564 13 19424 16 16345 17 20431 18 17849 19 19618 20 13923 21 24164 27 20722 30 18288 31 16414 33 12699 34 17976 36 13614 39 17355
0 28293 1 22816 2 20119 3 20591 5 21059 12 24172 19 29599 21 36457 22 20022 24 28221 27 27552 29 32306 31 21825 34 23901 35 18942 36 18102 37 31011 39 23076 41 18618 42 19443
1 79745 2 70317 4 102629 5 73603 7 107354 9 91728 10 93344 17 97480 21 127417 22 69980 23 76003 24 108089 26 73510 27 119739 28 78333 33 73384 35 82320 36 78671 37 134769 39 100284
2 68853 6 73793 10 91400 13 90746 15 63527 16 76360 17 95450 20 71888 21 124763 25 98158 27 41454 28 27119 29 48606 31 32837 32 47715 33 25406 34 35961 35 28500 37 46658 40 30674
1 34364 6 32476 9 39528 12 36406 13 39937 16 33606 18 36699 19 44579 20 31638 21 54908 22 71914 25 103017 26 68935 28 73457 31 88945 33 68816 34 97406 39 94042 40 83085 42 79239
0 89778 1 72399 3 65338 5 66823 6 68421 13 84140 14 65826 17 88502 18 77318 20 66655 21 11657 26 6137 27 9996 30 8822 33 6126 34 8671 36 6567 38 11772 39 8372 41 6755
1 66649 2 58770 4 85775 6 62987 7 89724 10 78015 11 70456 15 54224 16 65178 21 106493 24 45937 26 31241 27 50888 29 59668 31 40310 32 58573 33 31187 34 44144 36 33434 40 37654
0 102286 1 82487 3 74442 4 106158 6 77954 7 111046 9 94882 10 96554 11 87198 14 74997 16 47862 18 52267 20 45059 27 67061 29 78631 32 77189 33 41099 34 58174 37 75479 39 56165
2 84948 5 88917 6 91044 7 129691 9 110814 11 101840 12 102061 13 111959 15 78377 16 94210 17 2577 18 2251 19 2734 25 2650 26 1773 29 3387 30 2549 33 1770 37 3251 40 2137
2 26688 3 27314 4 38951 5 27934 7 40744 9 34814 13 35174 15 24623 16 29597 17 36997 18 51437 20 44343 23 41890 26 40516 30 58244 31 52277 32 75962 34 57249 35 45372 41 44596
3 53193 6 55703 7 79349 8 90900 11 62309 12 62444 15 47954 16 57641 17 72051 18 62946 21 62855 22 34521 24 48657 25 49451 26 33091 32 62041 33 33034 35 37057 37 60667 42 38037
0 13111 1 10573 3 9542 4 13607 8 16306 9 12162 10 12376 12 11201 16 10340 17 12925 18 88552 23 72116 25 104237 27 113616 28 74327 35 78111 36 74648 37 127878 40 84069 42 80177
1 20961 3 18916 4 26976 5 19346 6 19809 7 28218 13 24360 14 19058 15 17053 16 20498 18 6808 19 8270 21 10186 22 5594 23 5544 27 8735 29 10242 32 10054 35 6005 36 5739
2 11587 4 16911 10 15381 11 13891 13 15271 14 11947 17 16063 20 12097 22 11531 23 11428 27 12606 29 14781 30 11126 33 7726 34 10936 36 8282 37 14189 38 14847 41 8518 42 8896
1 12554 6 11864 7 16900 8 19361 11 13271 14 11414 16 12277 17 15346 20 11558 22 11017 23 7344 24 10444 26 7103 27 11570 29 13566 30 10211 31 9165 32 13317 39 9690 41 7818
0 69862 2 49679 3 50844 4 72507 5 52000 6 53243 10 65947 12 59687 19 73086 20 51869 21 56899 22 31250 26 29955 29 57212 31 38651 34 42327 35 33545 36 32058 40 36104 41 32972
0 74863 1 60372 2 53235 3 54483 5 55722 6 57054 10 70667 11 63820 15 49117 19 78317 20 8497 21 14747 22 8099 24 11416 25 11602 26 7764 29 14828 32 14556 38 14894 40 9357
0 26651 2 18951 8 33145 9 24722 10 25157 11 22720 17 26272 20 19787 22 18860 24 26583 26 10243 29 19564 32 19205 33 10225 34 14474 35 11471 36 10962 37 18779 39 13974 40 12346
3 88826 6 93017 10 115210 11 104047 14 89488 16 96253 17 120316 20 90616 22 86373 26 82795 27 80733 29 94662 30 71251 32 92926 35 55504 36 53043 37 90867 38 95080 40 59738 42 56972
0 32685 3 23788 7 35484 9 30319 10 30853 14 23965 17 32221 18 28149 20 24267 21 42116 22 70018 23 69394 24 98689 25 100302 26 67118 33 67002 34 94838 39 91563 41 73876 42 77150
0 69452 1 56008 3 50546 4 72081 7 75400 9 64425 11 59208 15 45567 20 51564 21 89491 23 3035 24 4317 26 2935 27 4782 30 4220 34 4148 35 3287 37 5382 39 4005 42 3374
0 108574 3 79017 4 112683 5 80813 7 117872 10 102489 13 101755 14 79607 16 85624 20 80610 24 9899 25 10061 26 6732 28 7174 30 9678 31 8686 35 7539 37 12343 38 12915 40 8114
0 62384 5 46433 6 47544 7 67726 9 57868 10 58888 12 53298 15 40930 16 49198 17 61497 19 10276 20 7293 21 12658 24 9798 27 10854 28 7101 36 7131 39 9091 41 7335 42 7660
0 108416 4 112520 6 82626 7 117700 9 100569 11 92424 12 92625 13 101608 15 71131 16 85500 18 59602 21 89176 24 69032 26 46948 27 76472 31 60576 36 50244 38 90062 39 64047 40 56585
0 79633 1 64219 8 99038 9 73869 11 67887 16 62801 18 68581 19 83308 21 102610 24 79431 27 119106 28 77919 29 139655 33 72996 34 103322 37 134057 39 99753 40 88132 41 80485 42 84051
0 47346 1 38181 2 33668 3 34457 4 49138 5 35240 8 58883 9 43919 10 44693 11 40362 15 53760 17 80776 19 85721 22 57988 23 57470 29 106162 31 71720 33 55490 38 106631 40 66995
0 70304 5 52328 10 66364 11 59934 13 65889 14 51547 16 55443 17 69304 19 73548 21 90588 23 60470 24 85998 25 87403 29 111703 30 84078 33 58386 34 82642 36 62592 40 70492 42 67229
2 78263 3 80099 4 114226 5 81920 7 119485 11 93826 12 94030 13 103149 14 80697 16 86797 20 34417 22 32806 24 46240 26 31447 27 51223 30 45207 31 40575 32 58959 34 44435 40 37902
1 86523 2 76295 5 79859 6 81769 8 133436 10 101279 11 91466 15 70393 17 105767 22 75928 23 9401 24 13369 26 9092 29 17366 30 13071 33 9077 37 16670 38 17442 40 10959 41 10008
2 72768 3 74475 4 106206 8 127268 10 96597 11 87238 12 87428 16 80702 17 100878 18 88130 22 78660 23 77958 24 110870 26 75402 29 144009 31 97289 32 141368 35 84438 37 138237 42 86672
0 52739 1 42530 7 57255 9 48921 14 38669 17 51989 18 45419 19 55172 21 67956 22 37322 23 80683 24 114744 30 112182 31 100689 33 77902 35 87389 36 83514 37 143067 41 85894 42 89701
0 13366 6 10187 9 12399 11 11395 12 11419 13 12527 15 8769 20 9923 21 17223 25 13550 26 10984 27 17891 30 15790 32 20593 33 10965 34 15520 36 11755 38 21071 40 13238 41 12090
2 65813 7 100477 9 85852 11 78899 14 67859 15 60722 18 79706 19 96822 20 68714 21 119255 32 44885 33 23899 34 33828 35 26810 36 25621 38 45926 39 32660 40 28855 41 26351 42 27519
1 41762 2 36825 4 53747 5 38545 12 44244 16 40840 18 44599 19 54176 20 38448 22 36648 23 30451 24 43306 31 38002 32 55219 34 41616 35 32982 37 53996 38 56499 40 35498 41 32418
0 12519 1 10096 11 10672 12 10696 14 9179 15 8214 18 10782 20 9295 23 8780 24 12487 25 4665 27 5085 29 5962 32 5853 33 3116 36 3341 37 5723 38 5989 39 4259 41 3436
1 33019 3 29798 6 31205 9 37981 10 38650 12 34981 15 26863 17 40363 19 42834 21 52758 25 76639 27 83534 30 73723 31 66170 32 96150 33 51195 35 57430 36 54884 41 56448 42 58949
0 15064 1 12148 2 10712 3 10963 6 11480 7 16354 8 18735 10 14220 17 14850 18 12973 22 26086 24 36768 25 37369 26 25005 28 26646 32 46882 35 28002 36 26761 37 45844 42 28743
7 92919 11 72965 12 73123 14 62755 16 67498 17 84373 19 89539 20 63545 21 110284 22 60570 24 98784 27 109431 30 96578 31 86684 34 94929 35 75234 38 128878 39 91651 41 73947 42 77224
1 51869 3 46810 5 47874 6 49019 11 54832 12 54951 13 60281 14 47160 18 55393 19 67288 22 6459 26 6192 28 6598 32 11609 33 6181 34 8749 37 11352 38 11878 39 8447 40 7463
1 16174 3 14597 4 20816 6 15286 7 21775 13 18797 17 19772 18 17273 25 20333 26 13606 29 15967 30 12018 33 8346 34 11813 35 9362 36 8947 37 15327 39 11405 40 10076 42 9610
0 44412 1 35815 2 31581 6 33847 7 48216 12 37943 13 41623 14 32563 16 35025 18 38248 19 34399 22 23270 24 32798 26 22306 29 42602 30 32066 32 41821 38 42790 40 26885 41 24552
0 51865 2 36881 3 37746 7 56307 9 48111 10 48958 12 44311 13 48608 14 38028 15 34028 21 24554 23 13365 24 19008 25 19318 26 12927 29 24689 31 16679 32 24236 34 18266 41 14228
0 67896 2 48280 6 51745 7 73710 9 62981 10 64091 12 58007 15 44546 17 66931 19 71028 22 70752 28 72270 29 129531 30 97496 32 127156 33 67704 34 95832 36 72582 40 81743 42 77958
0 36056 4 37420 6 27479 10 34035 11 30737 14 26436 16 28434 17 35543 21 46459 23 25288 27 124716 30 110067 31 98791 33 76434 34 108188 36 81940 37 140371 40 92283 41 84276 42 88010
2 81763 6 87630 7 124829 11 98021 14 84306 17 113348 18 99024 19 120287 20 85368 22 81371 24 54852 25 55748 27 60764 29 71248 31 48133 32 69941 33 37240 34 52712 35 41775 41 41061
1 57604 2 50794 3 51986 9 66260 13 66945 14 52373 15 46865 17 70415 18 61517 20 53033 21 19529 26 10281 27 16747 28 10956 29 19636 31 13266 32 19276 35 11513 41 11316 42 11818
0 30387 2 21608 3 22115 5 22618 12 25961 13 28479 18 26170 19 31789 20 22561 22 21504 25 23121 28 16486 29 29549 31 19962 35 17325 36 16557 37 28364 38 29679 39 21106 41 17029
2 75520 3 77291 4 110222 8 132080 10 100250 11 90536 12 90733 13 99533 14 77868 20 78849 23 19103 24 27168 26 18477 29 35289 31 23840 32 34642 33 18445 36 19774 37 33875 41 20337
0 70080 2 49833 3 51002 4 72732 5 52162 6 53409 7 76081 11 59743 14 51383 15 45979 17 55619 18 48590 20 41889 21 72699 23 39571 26 38274 29 73099 31 49384 38 73422 40 46130
1 17869 3 16126 5 16492 11 18889 15 14537 16 17474 17 21843 18 19082 19 23180 21 28551 22 5383 24 7588 29 9856 31 6658 33 5151 34 7292 35 5779 37 9461 38 9899 40 6220
1 59823 3 53988 4 76990 6 56536 10 70025 12 63377 14 54391 15 48670 19 77605 20 55076 21 104438 24 80847 28 58590 33 54888 34 77692 36 58843 39 75008 40 66269 41 60520 42 63201
2 62589 3 64057 4 91350 6 67080 7 95555 10 83085 12 75198 13 82490 18 75802 19 92079 21 139704 22 76728 23 76043 33 73422 34 103926 36 78712 38 141092 39 100337 40 88647 41 80955
0 21282 1 17162 6 16219 9 19741 10 20089 11 18142 12 18182 14 15604 15 13963 16 16783 20 3512 22 3348 27 5227 34 4535 35 3594 36 3434 37 5884 38 6156 41 3532 42 3689
0 43892 1 35395 3 31943 5 32669 6 33451 7 47650 11 37417 13 41135 14 32182 20 32587 21 37642 24 29139 26 19817 30 28488 31 25570 33 19783 34 28002 36 21208 37 36332 40 23885
4 105170 7 110013 8 126027 9 94000 14 74299 20 75235 21 130572 22 71713 24 101077 25 102729 28 86998 29 155927 30 117365 31 105341 33 81501 34 115361 36 87373 40 98401 41 89863 42 93845
0 15576 2 11076 5 11593 9 14448 10 14703 11 13278 15 10219 16 12283 17 15354 18 13414 19 7289 23 4886 24 6950 28 5036 29 9027 30 6794 32 8861 36 5058 38 9067 41 5202
0 101054 1 81493 2 71859 3 73545 6 77015 8 125678 14 74093 16 79694 19 105716 21 130210 22 86915 23 86139 25 124506 28 88780 30 119768 31 107498 33 83170 34 117724 36 89162 39 113658
0 112252 1 90523 2 79822 5 83551 7 121865 11 95694 14 82304 16 88525 18 96673 20 83340 25 44995 27 49044 28 32084 29 57505 31 38849 32 56450 35 33717 37 55200 39 41075 40 36289
0 80211 1 64685 6 61131 7 87080 10 75716 12 68528 13 75174 16 63257 17 79071 18 69079 19 81830 22 55356 25 79297 31 68465 33 52971 34 74978 35 59422 36 56787 37 97281 38 101791
0 47909 4 49723 6 36512 11 40842 13 44901 16 37782 17 47228 19 50120 20 35570 22 33904 23 23917 26 23133 27 37681 29 44182 30 33255 32 43371 34 32687 35 25905 38 44377 39 31558
0 24172 2 17188 3 17592 4 25087 7 26242 10 22817 11 20606 14 17723 16 19063 17 23828 18 76894 20 66289 21 115047 23 62622 31 78150 32 113558 33 60464 36 64820 39 82628 42 69621
0 35101 6 26751 7 38107 8 43654 13 32897 14 25736 15 23029 18 30229 22 24840 23 24619 25 23014 27 25085 30 22139 31 19870 32 28873 33 15374 34 21761 35 17246 38 29543 40 18561
2 26953 4 39338 5 28212 6 28887 9 35160 10 35779 12 32382 13 35523 18 32643 19 39652 20 10823 24 14541 27 16108 30 14216 31 12760 32 18541 36 10583 37 18130 40 11919 42 11367
1 56104 2 49472 4 72205 5 51783 11 59309 12 59438 15 45645 16 54866 20 51653 21 89645 24 19438 25 19755 26 13219 27 21533 28 14086 33 13196 34 18679 37 24236 41 14550 42 15195
0 48161 3 35051 5 35847 6 36705 7 52286 9 44675 13 45137 14 35312 15 31598 23 33779 24 7198 26 4895 28 5216 29 9350 30 7037 31 6316 37 8975 38 9391 39 6678 40 5900
2 43999 4 64217 6 47156 9 57396 10 58407 12 52862 13 57989 16 48796 18 53287 22 43787 23 33586 25 48546 26 32485 27 52913 28 34616 30 46698 37 59555 38 62316 40 39153 42 37340
1 28199 3 25448 6 26649 9 32436 11 29809 12 29874 14 25638 17 34470 19 36581 20 25961 21 21958 26 11560 27 18830 28 12318 29 22078 30 16618 31 14915 32 21673 33 11540 37 21193
0 21449 7 23286 8 26676 10 20247 11 18285 13 20102 17 21145 19 22439 20 15925 21 27638 24 5155 27 5710 30 5039 32 6573 34 4953 35 3926 37 6427 38 6725 40 4225 41 3858
0 41175 7 44701 8 51208 9 38195 10 38867 11 35101 14 30190 16 32472 18 35460 19 43075 22 35675 25 51105 28 36440 30 49160 31 44124 32 64115 34 48321 35 38295 40 41217 42 39309
3 58699 5 60033 10 76134 11 68758 13 75590 15 52917 16 63607 19 84376 20 59881 23 56569 25 9241 26 6183 29 11810 30 8889 34 8737 36 6617 37 11336 38 11862 40 7453 41 6806
0 68459 3 49823 5 50955 6 52174 7 74321 8 85140 10 64622 12 58488 15 44915 16 53988 17 18920 18 16529 20 14250 21 24731 24 19144 29 24867 32 24411 33 12997 34 18397 39 17762
0 30227 2 21495 5 22499 7 32816 9 28039 12 25825 13 28329 14 22163 18 26032 19 31622 21 5535 24 4285 27 4747 29 5566 30 4189 32 5464 33 2909 35 3263 37 5343 39 3975
0 27240 1 21967 2 19370 3 19824 5 20275 9 25268 14 19972 23 19105 25 27615 27 30099 29 9439 30 7105 31 6377 34 6983 36 5289 37 9061 39 6742 40 5957 41 5440 42 5681
2 42164 4 61538 6 45189 8 73742 10 55971 14 43475 16 46761 17 58451 18 51065 20 44022 24 28388 26 19306 29 36873 31 24910 32 36197 34 27280 36 20661 37 35395 38 37036 41 21250
10 26118 11 23588 12 23639 14 20287 15 18153 17 27276 20 20543 23 19406 24 27599 25 28050 26 11489 28 12243 30 16516 32 21541 33 11469 37 21063 38 22040 39 15673 41 12646 42 13206
1 17808 5 16436 6 16829 9 20484 10 20845 12 18866 14 16191 15 14488 20 16395 24 22026 25 3279 27 3574 29 4191 33 2190 34 3101 35 2457 36 2348 40 2645 41 2415 42 2522
3 68142 7 101649 11 79820 17 92300 18 80636 20 69515 21 120646 22 66261 23 65670 24 93393 31 26842 32 39003 34 29395 35 23296 36 22263 37 38139 38 39907 40 25073 41 22898 42 23912
1 23861 2 21040 5 22023 6 22550 9 27447 14 21694 19 30954 22 20939 24 29513 25 29995 26 28193 28 30042 31 36376 33 28144 34 39837 35 31571 36 30172 37 51687 39 38461 40 33980
0 36953 3 26893 4 38352 9 34278 10 34882 12 31571 14 27094 15 24245 16 29142 19 38658 22 2459 23 2437 25 3523 26 2358 29 4503 34 3331 35 2640 37 4323 38 4523 42 2710
1 46755 2 41228 3 42195 6 44186 11 49426 14 42510 15 38039 17 57154 18 49931 19 60653 20 65239 25 89079 26 59608 28 63519 30 85690 33 59505 34 84227 35 66752 41 65611 42 68518
0 89327 1 72036 2 63520 8 111094 11 76151 15 58607 16 70446 17 88058 20 66320 21 115101 23 81684 24 116169 27 128690 28 84188 29 150892 31 101939 34 111635 35 88474 36 84551 41 86961
0 100939 1 81400 5 75131 7 109583 8 125535 12 86237 13 94600 14 74009 15 66225 19 105596 20 66061 23 62406 24 88753 25 90202 26 60360 31 77881 32 113167 34 85289 36 64597 38 115790
4 60947 9 54474 10 55433 11 50062 12 50171 14 43057 16 46312 17 57890 18 50574 20 43599 22 40038 25 57354 26 38379 29 73300 30 55172 32 71956 36 41073 37 70362 40 46257 41 42244
5 55467 7 80903 10 70344 12 63667 13 69841 18 64178 20 55327 21 96022 22 52737 25 75546 27 32617 30 28786 32 37543 34 28294 36 21430 37 36711 38 38413 39 27317 41 22040 42 23017
0 81770 2 58146 3 59510 6 62318 11 69708 14 59954 15 53649 17 80608 18 70421 21 105363 22 10295 25 14748 27 16075 29 18848 31 12733 32 18502 34 13944 37 18092 38 18931 42 11343
2 57426 3 58773 4 83813 5 60108 6 61546 7 87672 8 100435 11 68844 12 68994 16 63687 17 67245 19 71362 20 50645 23 47843 25 69153 27 75375 29 88379 40 55773 41 50934 42 53191
1 28936 3 26114 4 37240 5 26707 6 27346 7 38955 9 33285 10 33871 19 37537 21 46235 22 44506 26 42662 28 45461 32 79985 34 60282 35 47775 36 45657 38 81839 39 58200 40 51419
0 22189 4 23029 5 16515 6 16910 9 20583 10 20945 13 20795 16 17499 21 28591 22 15702 23 35297 25 51018 26 34139 27 55608 29 65203 33 34080 35 38231 37 62589 40 41147 42 39242
1 87766 7 118153 8 135352 9 100955 11 92779 14 79797 16 85829 18 93728 19 113854 22 77019 23 80646 26 78002 27 127054 30 112131 31 100644 32 146243 33 77867 34 110217 41 85856 42 89661
0 48836 2 34727 3 35542 6 37219 11 41632 12 41723 14 35807 16 38513 20 36258 21 62927 22 14660 24 20663 29 26839 30 20201 31 18132 33 14028 38 26958 40 16937 41 15468 42 16153
0 93958 4 97514 9 87157 12 80273 13 88057 14 68891 15 61645 16 74098 17 92622 21 121067 22 68902 24 97116 25 98703 26 66048 32 123831 33 65934 34 93326 35 73963 38 126701 39 90103
1 76122 2 67124 9 87562 14 69211 15 61931 16 74442 18 81294 20 70082 21 121630 22 66801 23 43294 26 41874 27 68208 28 44621 30 60196 31 54029 32 78509 34 59169 38 80328 39 57125
1 85034 3 76741 8 131140 9 97813 14 77314 15 69182 18 90811 21 135869 22 74622 26 71531 30 4760 33 3306 34 4679 35 3708 36 3544 37 6071 38 6352 39 4517 41 3645 42 3806
0 105287 2 74869 3 76626 7 114304 10 99386 13 98675 14 77197 16 83032 17 103791 18 90675 19 110285 22 74605 29 136584 30 102805 35 80085 36 76534 37 131109 40 86194 41 78715 42 82203
3 35657 4 50848 5 36467 6 37339 7 53190 10 46248 13 45917 14 35923 15 32144 16 38638 19 20352 22 13767 27 21496 28 14063 29 25205 31 17028 32 24743 34 18647 35 14778 37 24194
4 58866 7 61576 8 70540 10 53540 11 48352 13 53157 14 41587 15 37213 16 44730 17 55913 22 4456 26 4272 27 6958 28 4552 29 8159 30 6141 31 5512 34 6036 37 7832 40 5148
1 21413 2 18882 3 19325 4 27559 5 19764 11 22637 12 22686 13 24886 15 17421 17 26176 19 15070 20 10695 21 18562 22 10194 25 14604 27 15918 28 10413 30 14048 34 13808 37 17916
1 50703 3 45757 4 65253 7 68257 9 58322 13 58925 17 61979 18 54147 19 65774 20 46679 21 123892 22 68044 23 67436 25 97473 31 84158 33 65112 36 69803 37 119579 39 88980 40 78614
3 33919 5 34690 6 35520 8 57963 10 43994 14 34172 18 40138 19 48757 20 34603 23 32688 26 25591 27 41685 28 27270 29 48876 30 36789 32 47980 35 28658 36 27387 41 28168 42 29416
2 33188 3 33967 4 48439 6 35570 10 44056 11 39788 13 43741 15 30621 22 33029 24 46553 25 22590 26 15116 28 16108 31 19504 34 21360 35 16928 36 16178 39 20622 40 18219 41 16639
0 106549 2 75767 6 81203 7 115673 8 132512 14 78123 15 69906 18 91761 19 111465 20 79107 21 158455 22 87026 23 86250 25 124666 26 83421 27 135882 28 88894 31 107636 33 83277 36 89277
0 45596 3 33183 6 34749 7 49500 10 43040 11 38870 15 29915 17 44947 18 39267 20 33852 21 49983 22 27451 23 27206 27 42863 28 28041 30 37828 31 33953 35 29468 36 28161 37 48243
0 91210 1 73554 3 66381 4 94663 6 69513 8 113436 9 84608 13 85482 15 59842 16 71931 21 41575 22 22833 24 32183 25 32709 26 21888 28 23323 34 30927 35 24511 38 41988 41 24092
3 43118 4 61490 5 44098 10 55926 11 50508 12 50617 17 58405 19 61981 23 41554 25 60062 29 66668 30 50180 33 34847 34 49324 36 37357 37 63996 38 66963 39 47620 41 38422 42 40124
0 70148 1 56569 4 72803 6 53461 8 87241 10 66216 11 59801 14 51433 18 60412 19 73384 22 81961 26 78566 28 83720 29 150052 30 112942 35 87981 36 84081 37 144037 39 107180 41 86477
3 18027 5 18436 6 18877 7 26891 8 30805 9 22977 11 21116 12 21162 13 23214 14 18161 16 9478 18 10351 19 12573 20 8923 23 8429 29 15572 30 11720 31 10520 36 8725 38 15640
0 19005 1 15326 4 19724 5 14146 6 14484 8 23636 9 17629 10 17940 14 13934 20 14110 21 11679 28 6552 29 11743 32 11528 34 8688 38 11795 39 8388 40 7410 41 6767 42 7067
2 43547 9 56807 10 57807 11 52206 12 52320 15 40179 20 45467 22 43338 24 61084 27 67668 28 22520 29 40363 30 30380 32 39623 33 21097 35 23666 38 40541 39 28830 41 23261 42 24292
0 68509 3 49859 8 85202 10 64669 11 58403 12 58530 13 64206 14 50231 22 48482 23 48050 24 40089 25 40744 26 27264 27 44410 30 39194 32 51117 35 30531 39 37194 41 30009 42 31339
1 33660 2 29681 5 31068 6 31811 8 51911 10 39401 12 35660 13 39119 15 27385 18 35947 21 40102 25 31550 27 34389 29 40322 31 27240 32 39583 34 29832 35 23642 39 28801 41 23238
1 26393 2 23273 3 23818 4 33967 9 30359 11 27900 12 27961 15 21472 16 25810 17 32263 18 20646 19 25079 20 17799 22 16965 26 16263 27 26490 30 23378 32 30490 36 17404 39 22186
0 105037 1 84705 3 76443 6 80051 9 97434 10 99150 12 89738 14 77014 16 82835 19 109883 22 85211 23 84451 26 81681 27 133048 31 105391 33 81540 36 87415 38 156691 39 111430 40 98448
0 98537 1 79463 5 73343 6 75097 7 106976 9 91405 13 92349 17 97137 18 84862 21 126968 23 27686 24 39375 25 40018 26 26778 29 51144 31 34552 37 49094 38 51370 39 36532 42 30781
0 35604 5 26501 8 44280 9 33027 10 33609 11 30352 13 33368 16 28078 17 35098 20 26434 23 38862 24 55268 26 37587 28 40053 30 54034 31 48498 34 53111 36 40226 37 68910 39 51277
1 75641 3 68264 4 97348 5 69815 6 71485 9 87008 10 88541 11 79962 12 80136 14 68773 15 32762 16 39380 20 37074 21 64343 28 36096 32 63510 33 33816 37 62103 38 64982 42 38937
1 54856 3 49505 5 50631 7 73848 9 63099 14 49875 16 53645 17 67056 18 58582 19 71162 22 63907 25 91547 28 65278 32 114853 33 61154 35 68601 37 112309 39 83570 40 73834 41 67428
4 40797 5 29258 7 42675 9 36463 11 33510 13 36840 14 28821 17 38750 19 41122 24 39209 25 42775 26 28623 27 46623 28 30501 30 41147 32 53665 35 32053 36 30632 37 52476 39 39048
2 9808 5 10266 6 10512 11 11758 12 11784 14 10113 15 9049 16 10877 19 14429 21 17772 22 1106 23 1096 25 1584 29 2025 34 1498 35 1187 36 1134 37 1944 38 2034 41 1167
1 40512 2 35723 4 52138 6 38286 10 47420 15 32959 17 49522 18 43264 19 52554 20 37297 23 21202 24 30153 25 30646 26 20507 30 29480 32 38448 35 22964 38 39339 40 24716 41 22572
1 42491 4 54685 7 57203 8 65530 9 48877 15 34570 18 45378 20 39120 22 37288 24 52557 25 102071 29 130449 30 98187 33 68184 34 96511 36 73096 39 93177 40 82322 41 75179 42 78511
0 62737 2 44612 3 45658 4 65112 6 47813 9 58196 10 59221 12 53599 15 41161 16 49476 21 30920 23 16830 24 23935 25 24326 34 23001 37 29844 38 31227 39 22207 40 19620 42 18711
1 54947 11 58086 13 63858 14 49958 16 53734 17 67168 20 50587 22 48219 23 47789 24 67964 25 31338 27 34157 28 22346 29 40051 30 30146 31 27057 32 39316 34 29631 36 22442 42 24104
0 72063 1 58114 2 51244 4 74791 5 53638 7 78235 9 66847 10 68025 15 47280 16 56831 21 47903 26 25219 27 41079 32 47283 33 25176 36 26989 37 46235 38 48379 40 30396 42 28989
0 90594 2 64421 4 94023 11 77231 14 66424 15 59438 16 71445 19 94774 21 116732 22 64112 24 70838 25 71995 26 48176 30 69256 32 90324 35 53950 36 51558 38 92417 39 65722 42 55377
2 40031 3 40970 5 41901 6 42903 7 61116 8 70012 10 53140 12 48095 13 52760 17 55495 20 19480 21 33809 24 26172 28 18967 29 33995 30 25587 34 25150 36 19049 38 34145 39 24282
2 20640 3 21124 4 30124 6 22121 8 36098 12 24798 13 27203 20 21550 21 37400 22 20541 24 22272 25 22635 28 16140 29 28929 31 19543 35 16962 37 27769 38 29056 41 16672 42 17411
0 86385 1 69663 2 61428 6 65836 7 93783 8 107435 11 73643 13 80960 14 63338 20 64136 21 65655 23 35737 24 50824 29 66016 31 44599 34 48841 35 38708 36 36991 39 47154 40 41660
0 42785 1 34503 5 31846 7 46449 9 39688 10 40387 13 40098 14 31370 15 28071 16 33742 18 90079 22 74020 23 73360 28 75609 30 102000 33 70831 35 79457 36 75934 37 130082 40 85518
1 72766 6 68768 11 76923 13 84566 15 59201 17 88950 18 77709 20 66992 21 116267 23 63286 24 78615 26 53465 27 87088 28 56973 30 76859 32 100240 34 75547 35 59873 39 72938 40 64440
1 38736 5 35752 8 59738 9 44557 10 45342 12 41037 13 45017 14 35219 17 47351 21 61893 24 57227 26 38919 30 55949 31 50217 33 38852 36 41651 37 71353 40 46909 41 42839 42 44737
1 54563 5 50360 8 84147 9 62762 10 63868 12 57805 14 49609 16 53358 17 66698 18 58270 21 96993 22 53270 28 54413 30 73406 31 65886 33 50975 35 57183 39 69661 40 61545 41 56205
0 40244 1 32454 2 28617 3 29289 5 29954 6 30671 7 43690 11 34308 14 29507 16 31738 18 44908 20 38715 23 36573 24 52013 25 52863 28 37694 31 45641 33 35312 41 38935 42 40661
1 66429 2 58576 4 85492 8 102446 11 70223 12 70376 14 60397 15 54045 18 70941 25 83507 26 41297 27 67268 30 59367 32 77428 33 41226 34 58354 36 44196 38 79222 40 49775 42 47470
1 47431 6 44825 7 63853 12 50250 14 43125 15 38589 16 46384 18 50653 20 43668 23 41252 26 17213 29 32876 32 32273 33 17183 34 24322 35 19276 36 18421 38 33021 39 23482 40 20747
0 83559 5 62194 6 63682 8 103920 11 71233 14 61266 15 54822 17 82371 21 107668 22 59133 23 23491 24 33408 26 22720 27 37009 31 29316 34 32104 35 25443 37 41655 38 43586 42 26117
0 61006 1 49197 8 75872 12 52121 13 57175 14 44730 17 60139 19 63821 20 45294 21 78608 23 71803 24 102116 26 69448 29 132638 30 99835 32 130206 33 69328 34 98131 37 127321 40 83704
0 121635 1 98090 3 88523 5 90535 6 92700 7 132051 9 112831 15 79804 16 95925 18 104754 21 108882 22 59800 23 59266 24 84287 27 93371 31 73962 35 64193 37 105092 38 109964 40 69089
2 33288 4 48584 5 34843 8 58219 10 44188 11 39907 12 39994 14 34323 15 30713 18 40315 20 19888 21 34516 25 27156 26 18171 30 26123 35 20349 37 33315 38 34859 39 24790 40 21902
1 14719 5 13585 7 19816 8 22700 9 16931 12 15594 17 17993 18 15719 19 19095 20 13551 22 33577 24 47326 27 52427 28 34298 29 61472 31 41529 33 32131 34 45479 37 59008 42 36997
5 72623 6 74360 8 121346 11 83178 13 91443 16 76947 19 102072 21 125722 23 68433 24 97323 26 73622 27 119921 28 78452 30 105836 31 94993 32 138032 38 141232 40 88735 41 81036 42 84627
4 14678 5 10527 6 10778 9 13119 10 13350 13 13255 14 10370 16 11153 17 13942 18 12180 19 1227 27 1296 29 1520 30 1144 31 1027 32 1492 36 852 38 1527 40 959 41 876
0 103462 5 77008 7 112322 8 128673 10 97663 11 88201 13 96965 15 67880 17 101991 18 89103 19 69035 23 46283 25 66898 27 72917 29 85497 30 64353 32 83929 34 63254 38 85875 39 61069
1 81459 2 71830 3 73514 5 75185 6 76984 7 109663 11 86112 12 86300 14 74063 15 66273 16 19237 21 31431 22 17262 28 17633 29 31604 33 16519 34 23382 38 31743 40 19944 41 18214
0 25757 1 20771 2 18316 3 18745 9 23892 10 24313 11 21958 12 22005 14 18885 15 16899 16 7520 18 8212 20 7079 22 6748 27 10536 32 12128 33 6457 35 7244 37 11859 40 7796
0 44671 1 36024 3 32510 6 34044 7 48496 12 38164 13 41865 14 32753 16 35228 19 46732 21 109987 22 60407 23 59868 26 57904 27 94319 33 57805 34 81820 35 64844 39 78994 41 63735
1 89351 7 120287 10 104589 16 87379 17 109224 19 115911 20 82262 22 78410 23 77711 24 110518 26 42780 29 81706 30 61499 31 55199 33 42707 34 60449 35 47908 37 78431 38 82067 39 58362
0 108284 1 87323 3 78806 6 82525 9 100446 10 102215 11 92311 12 92512 14 79395 17 106745 21 51484 22 28276 23 28024 29 51767 31 34972 34 38299 35 30353 37 49692 40 32668 41 29834
0 89128 2 63378 3 64865 4 92501 6 67926 7 96760 9 82676 10 84132 11 75981 16 70288 17 107225 20 80756 22 76975 23 76289 24 108495 26 73787 27 120189 28 78627 30 106072 38 141547
2 52451 3 53682 8 91735 9 68422 10 69628 13 69129 14 54082 15 48394 16 58170 18 63524 19 14331 22 9694 23 9608 24 13664 27 15136 28 9902 29 17748 34 13131 35 10406 38 17826
8 119094 14 70212 15 62827 16 75519 18 82470 19 100178 20 71096 21 123389 22 67768 24 95517 25 81884 27 89251 28 58388 29 104649 32 102730 33 54699 35 61360 37 100454 38 105111 39 74749
0 104755 2 74491 3 76238 7 113726 8 130281 15 68729 16 82613 19 109589 20 77775 21 134980 23 60824 24 86503 25 87916 27 95826 28 62689 29 112359 31 75907 35 65880 37 107855 41 64754
1 21015 2 18531 7 28291 8 32410 11 22216 13 24423 15 17097 19 27262 20 19348 25 26418 26 834 30 1199 31 1076 32 1564 33 833 34 1179 37 1529 38 1600 40 1005 41 918
1 52446 3 47330 4 67496 5 48406 6 49564 7 70604 8 80881 12 55562 13 60950 15 42668 16 48109 21 78605 23 42786 24 60849 27 67407 33 41311 35 46342 36 44288 37 75869 39 56455
0 47905 1 38632 3 34864 5 35656 6 36509 9 44437 12 40927 15 31430 18 41256 22 33901 23 20022 24 28475 28 20636 31 24987 33 19332 35 21687 38 37150 39 26419 40 23341 41 21316
0 64397 2 45792 4 66834 5 47932 6 49078 7 69911 8 80088 10 60788 12 55017 17 63481 18 21936 19 26647 21 32821 22 18026 23 17865 24 25407 25 25822 32 32396 34 24415 39 23572
2 59800 3 61202 5 62593 6 64090 7 91297 9 78008 12 71846 14 61659 17 82900 21 108359 24 1622 27 1797 29 2107 31 1423 32 2068 34 1559 35 1235 36 1180 37 2022 39 1505
4 96816 5 69433 6 71094 8 116016 11 79525 13 87427 15 61203 16 73567 17 91959 21 120200 22 74180 23 73518 24 104555 26 71107 34 100475 36 76098 37 130363 38 136406 40 85703 41 78267
0 10928 5 8134 7 11864 8 13592 9 10137 10 10316 11 9316 12 9337 17 10773 18 9412 20 14439 23 13640 26 13193 27 21489 28 14058 31 17022 33 13170 34 18642 40 15901 42 15165
0 64520 3 46956 7 70045 9 59850 10 60904 11 55003 15 42331 17 63603 20 47902 22 45660 23 13845 25 20011 27 21812 28 14269 29 25575 30 19250 33 13367 35 14995 38 25688 39 18268
1 79586 4 102425 6 75213 7 107141 8 122738 10 93159 12 84315 13 92492 15 64749 17 97287 18 99593 22 81838 23 81108 25 117234 26 78448 28 83594 34 110848 35 87849 39 107019 41 86347
5 45200 8 75524 12 51882 13 56913 15 39842 16 47891 17 59864 18 52299 24 60573 27 67101 28 32481 29 58216 30 43818 31 39329 32 57148 33 30429 34 43070 35 34134 37 55882 38 58473
2 18296 3 18726 5 19151 7 27933 9 23867 12 21982 13 24114 17 25364 18 22159 19 26917 22 4453 25 6379 27 6953 31 5507 34 6031 35 4780 36 4568 37 7825 41 4698 42 4906
3 71459 5 73083 7 106596 8 122113 9 91080 11 83704 12 83886 15 64420 18 84560 19 102718 20 80161 22 76408 23 75726 24 107695 25 109455 31 94503 33 73116 36 78384 38 140503 41 80618
0 88956 1 71737 9 82517 11 75835 13 83370 18 76610 19 93061 20 66045 22 62953 23 62391 24 69628 27 77133 28 50460 32 88782 33 47272 36 50677 37 86815 39 64600 40 57074 41 52122
2 33977 5 35564 6 36415 8 59424 9 44323 11 40733 12 40822 15 31349 17 47102 22 33814 25 4988 26 3338 27 5437 29 6375 32 6258 33 3332 35 3738 37 6120 38 6403 41 3674
0 84934 1 68493 4 88149 5 63218 10 80174 11 72406 12 72563 14 62274 15 55724 17 83727 20 77870 23 73562 24 104618 28 75817 30 102281 31 91803 33 71027 36 76144 37 130441 42 81784
1 72125 5 66570 8 111232 11 76245 12 76411 14 65577 16 70533 17 88167 18 77025 19 93565 23 67065 28 69121 31 83695 32 121615 35 72639 36 69419 38 124434 39 88490 40 78181 41 71397
0 14638 7 15891 8 18204 14 10732 15 9603 17 14430 20 10867 21 18861 24 14600 25 14839 27 74542 28 48765 29 87402 30 65786 31 59047 33 45684 36 48975 37 83899 38 87788 42 52603
1 86891 5 80199 7 116975 8 134003 9 99949 10 101709 13 100982 16 84973 17 106217 18 92794 20 82431 25 112555 26 75317 30 108272 31 97180 34 106424 35 84344 37 138082 38 144483 40 90778
0 93519 1 75416 2 66501 4 97059 5 69608 6 71272 10 88277 11 79724 12 79897 13 87646 14 83084 16 89364 18 97589 24 113029 26 76870 28 81913 36 82266 37 140928 39 104867 41 84610
2 69370 6 74347 8 121324 10 92086 11 83163 12 83344 16 76933 20 72428 21 125700 22 69037 23 80276 24 114165 26 77643 30 111616 31 100181 33 77509 35 86948 36 83093 39 105921 40 93581
0 101952 1 82217 2 72498 3 74198 5 75885 7 110683 12 87102 16 80402 20 75693 22 72150 25 30300 28 21605 29 38724 36 21698 37 37172 38 38895 39 27660 40 24437 41 22317 42 23306
5 72445 6 74178 7 105666 8 121048 11 82974 12 83155 14 71364 15 63858 16 76758 18 83823 20 34659 22 33036 24 46564 25 47325 28 33745 30 45524 31 40860 32 59373 34 44747 40 38168
1 21934 3 19795 4 28229 7 29529 12 23238 13 25491 15 17845 16 21450 17 26813 18 23425 20 50516 22 48151 26 46156 27 75182 34 65219 35 51688 36 49396 37 84620 38 88542 42 53055
1 56282 3 50793 8 86798 9 64740 11 59497 12 59626 13 65409 14 51172 15 45790 17 68800 22 13468 26 12910 27 21029 28 13757 30 18559 33 12888 34 18243 36 13817 38 24767 39 17613
0 84161 1 67870 2 59846 6 64140 7 91368 11 71747 14 61707 17 82964 18 72480 19 88044 22 64784 24 91311 25 92803 27 101153 28 66174 30 89272 35 69542 36 66459 37 113850 42 71382
0 100785 1 81276 2 71668 5 75016 6 76810 7 109416 9 93489 10 95136 11 85918 13 94456 14 75437 17 101423 18 88606 21 132571 22 72810 23 72161 28 74373 29 133299 34 98620 36 74693
2 36160 3 37008 4 52776 5 37850 8 63243 10 48001 17 50129 18 43794 21 65523 22 35987 23 76592 24 108927 33 73953 34 104676 35 82959 36 79281 37 135814 40 89287 41 81540 42 85153
1 25113 2 22145 3 22664 7 33809 8 38730 10 29396 11 26548 13 29186 14 22833 16 24559 17 24895 20 18750 21 32541 23 17712 25 25602 29 32720 31 22105 38 32864 39 23371 40 20648
0 73552 5 54746 6 56056 7 79851 8 91475 12 62839 18 63344 19 76946 20 54608 22 52052 28 6173 29 11064 30 8327 31 7474 32 10861 34 8185 36 6199 38 11112 41 6376 42 6658
0 58559 1 47223 4 60775 6 44629 7 63573 10 55277 13 54881 14 42936 18 50431 20 43476 24 14975 25 15220 30 14640 31 13140 32 19094 35 11405 36 10899 38 19537 40 12275 42 11706
1 65760 3 59346 4 84631 5 60695 6 62147 10 76974 11 69516 12 69667 14 59789 15 53501 20 31616 21 54871 24 42476 25 43170 29 55172 33 28838 34 40819 36 30915 37 52961 40 34817
4 89453 5 64153 6 65687 8 107193 9 79952 11 73477 13 80778 18 74228 19 90167 20 63991 22 70446 25 100914 26 67528 30 97075 31 87129 32 126606 38 129540 39 92122 40 81389 42 77621
0 62002 1 50000 4 64349 5 46149 6 47253 7 67312 11 52856 12 52971 13 58108 14 45460 18 92747 26 73055 27 118998 28 77848 31 94261 37 133935 39 99663 40 88051 41 80412 42 83975
0 72667 5 54088 8 90375 9 67407 10 68595 11 61949 15 47676 16 57308 17 71635 18 62582 25 11581 27 12623 28 8258 29 14801 31 9999 33 7736 34 10950 35 8678 38 14867 40 9340
0 28042 2 19941 3 20408 7 30444 8 34875 9 26012 10 26470 11 23906 12 23958 13 26281 15 54883 17 82463 19 87512 20 62107 24 83440 26 56747 28 60469 32 106393 40 68395 42 65229
1 14901 3 13448 4 19178 5 13754 6 14083 7 20061 10 17443 12 15787 14 13548 17 18216 19 58953 20 41838 21 72612 23 39524 28 40735 31 49324 32 71672 35 42809 41 42077 42 43941
2 22187 3 22708 4 32382 5 23224 6 23779 9 28943 10 29453 11 26599 13 29242 14 22877 15 4204 21 8257 27 7080 29 8302 31 5609 34 6142 36 4652 39 5930 41 4784 42 4996
0 107362 1 86580 4 111426 5 79912 6 81823 8 133524 9 99591 13 100620 16 84669 18 92462 19 41668 21 51323 22 28187 24 39729 27 44011 28 28792 29 51605 32 50658 34 38179 40 32566
1 95699 2 84386 3 86366 5 88328 9 110081 10 112020 14 87010 15 77859 16 93587 17 116984 19 49709 22 33627 24 47396 25 48171 27 52505 31 41590 33 32178 40 38850 41 35480 42 37052
1 30063 4 38691 8 46364 11 31781 12 31850 15 24459 16 29400 18 32106 22 26382 23 26147 24 2828 30 2765 31 2482 32 3607 33 1920 34 2718 35 2154 36 2059 37 3527 38 3690
1 12821 4 16500 5 11833 6 12116 8 19772 10 15007 13 14900 15 10430 16 12538 17 15672 21 4104 24 3177 25 3229 28 2302 29 4127 31 2788 32 4051 34 3053 38 4145 39 2947
1 33205 3 29966 4 42734 5 30648 7 44702 10 38868 13 38590 18 35461 20 30570 24 41071 26 69348 28 73897 29 132447 31 89478 32 130018 33 69228 35 77659 36 74216 40 83583 42 79713
1 11587 2 10217 3 10457 4 14913 5 10695 7 15599 9 13329 10 13563 13 13466 14 10535 15 77696 20 87922 24 118122 28 85604 30 115484 35 89961 36 85973 37 147279 40 96824 42 92341
0 29509 2 20984 4 30626 6 22489 7 32036 9 27373 10 27855 12 25211 13 27656 16 23271 18 100692 19 122314 23 82003 28 84517 30 114018 31 102337 36 84882 37 145409 39 108201 41 87301
0 38002 1 30646 5 28286 7 41257 9 35252 12 32467 13 35616 15 24933 19 39756 21 48967 22 76021 23 75342 24 107150 26 72871 27 118698 28 77652 33 72746 38 139791 40 87830 42 83764
1 78142 7 105196 9 89885 10 91468 13 90813 15 63574 16 76417 19 101369 22 68573 23 67961 27 70218 29 82332 32 80823 33 43034 34 60912 36 46134 37 79032 39 58809 40 51957 41 47449
3 72218 5 73860 8 123411 9 92049 12 84778 14 72757 15 65105 18 85459 19 103810 20 73674 22 17972 28 18358 30 24766 32 32300 33 17198 35 19292 37 31585 38 33049 39 23502 40 20764
2 76242 3 78031 6 81713 8 133344 10 101209 11 91403 13 100485 14 78613 15 70345 18 92337 21 64605 25 50828 26 34012 27 55402 29 64960 32 63769 34 48060 36 36400 37 62356 40 40994
2 79607 4 116187 5 83326 6 85319 8 139228 9 103846 10 105675 11 95436 15 73449 18 96412 20 71942 21 124857 22 68574 24 96653 29 125543 30 94495 34 92881 36 70347 39 89673 41 72352
0 15362 2 10923 5 11434 8 19105 11 13096 14 11263 16 12115 18 13230 20 11405 22 10871 23 81203 24 115485 25 117371 26 78540 28 83693 33 78405 35 87953 36 84053 37 143990 39 107145
2 22790 5 23855 12 27381 13 30037 16 25275 17 31594 19 33528 20 23795 21 41297 23 22478 26 66790 27 108793 30 96015 31 86178 35 74795 36 71479 37 122450 39 91116 40 80501 41 73516
0 46957 1 37868 2 33391 6 35787 8 58400 9 43558 15 30808 18 40440 21 60506 23 32934 24 15234 26 10361 28 11040 31 13368 32 19425 33 10343 34 14640 36 11088 37 18995 39 14134
0 39509 5 29407 6 30111 7 42893 9 36650 10 37295 12 33755 16 31158 20 29333 21 50909 23 34219 24 48665 25 49460 31 42703 32 62052 34 46766 35 37063 36 35420 40 39890 42 38043
3 43824 4 62496 6 45892 7 65373 11 51334 12 51446 14 44151 16 47488 19 62995 20 44707 22 1612 23 1598 24 2273 25 2310 27 2518 29 2952 31 1994 37 2834 38 2965 42 1777
1 42534 2 37506 3 38386 4 54741 6 40197 7 57261 10 49788 13 49432 15 34605 17 51994 19 27430 21 33786 23 18390 24 26154 27 28973 30 25570 33 17756 38 34122 40 21438 41 19578
0 71280 4 73978 7 77384 16 56213 18 61387 19 74569 20 52921 22 50443 23 49993 24 71099 25 55988 28 39923 29 71554 31 48340 34 52938 37 68686 39 51110 40 45155 41 41238 42 43065
1 61093 3 55135 4 78625 6 57736 7 82245 8 94218 9 70274 13 71000 16 59745 21 97616 22 64001 23 63429 24 90207 25 91681 31 79157 32 115022 33 61243 36 65656 39 83693 42 70519
2 13041 6 13977 9 17012 12 15668 15 12032 16 14463 19 19186 20 13616 21 23631 22 12978 25 2888 28 2059 29 3691 30 2778 32 3623 33 1929 35 2164 36 2068 40 2329 42 2221
0 29244 2 20795 3 21283 4 30351 7 31748 10 27605 11 24930 12 24984 14 21442 15 19186 16 5927 18 6472 19 7862 21 9684 22 5318 28 5433 31 6578 35 5709 39 6955 41 5612
0 22768 4 23630 7 24718 10 21492 11 19410 13 21339 15 14938 18 19608 19 23819 20 16904 21 17809 23 9694 28 9991 29 17907 30 13479 32 17579 34 13248 37 17190 38 17986 42 10777
1 68741 6 64964 7 92541 8 106012 10 80464 11 72668 12 72826 13 79888 15 55926 17 84030 18 94676 20 81619 26 74575 28 79467 29 142430 33 74446 34 105375 35 83512 36 79810 39 101736
0 44739 1 36079 4 46433 5 33300 9 41501 10 42232 17 44104 18 38530 20 33216 25 45355 26 15087 27 24575 28 16077 31 19466 33 15061 34 21318 37 27659 38 28942 39 20582 40 18184
4 107992 5 77449 6 79301 11 88705 12 88898 13 97519 15 68269 16 82059 19 108855 20 77254 22 12495 24 17611 27 19510 28 12763 29 22876 30 17218 34 16924 35 13413 36 12818 37 21959
0 31922 7 34656 8 39701 9 29612 10 30133 13 29918 17 31469 19 33395 20 23700 21 41133 23 85305 26 82507 27 134393 28 87920 31 106457 33 82365 34 116584 35 92395 39 112557 40 99444
3 65299 4 93120 7 97408 8 111587 10 84696 12 76656 13 84090 15 58867 17 88449 18 77272 19 34593 20 24551 23 23192 24 32984 25 33523 28 23903 30 32247 32 42057 39 30602 41 24691
0 79485 1 64099 4 82494 5 59162 6 60577 9 73732 12 67908 13 74494 15 52150 19 83153 23 15419 24 21929 25 22287 26 14913 27 24292 30 21439 32 27961 35 16701 36 15960 37 27341
0 111898 5 83287 7 121480 8 139164 11 95392 14 82044 16 88246 17 110307 18 96368 20 83078 21 145034 26 76355 27 124373 28 81365 32 143157 33 76224 36 81715 38 146475 39 104165 41 84044
0 107373 2 76352 3 78143 4 111437 6 81831 10 101355 14 78727 15 70446 18 92471 20 79718 25 33577 26 22468 27 36598 28 23943 30 32300 32 42126 34 31748 35 25161 36 24046 39 30652
0 104903 5 78081 6 79948 8 130464 12 89623 13 98315 15 68826 16 82729 17 103411 21 135170 23 23631 25 34156 29 43653 30 32857 32 42852 33 22817 34 32296 35 25595 37 41903 39 31180
1 88109 3 79516 5 81323 7 118615 12 93345 14 80109 15 71684 17 107705 18 94095 21 140782 23 72212 28 74426 29 133394 30 100404 31 90118 32 130948 35 78214 36 74747 38 133983 40 84181
4 30793 6 22612 8 36900 9 27522 10 28007 13 27807 17 29248 18 25552 19 31039 22 20997 23 40907 24 58176 26 39565 27 64446 28 42161 31 51050 32 74180 33 39497 34 55906 41 43549
3 25452 6 26653 9 32440 10 33012 14 25641 15 22945 16 27580 17 34475 19 36585 20 25964 24 3838 25 3900 26 2610 27 4251 30 3752 32 4893 33 2605 36 2793 38 5007 40 3146
0 72776 3 52965 8 90510 10 68697 11 62041 15 47748 16 57393 18 62676 19 76134 20 54032 25 22716 26 15200 27 24759 29 29031 31 19613 32 28499 34 21478 39 20736 40 18320 41 16731
0 63305 4 65701 5 47119 6 48246 10 59757 13 59329 16 49924 17 62405 19 66226 20 47000 23 50710 24 72119 25 73297 27 79892 33 48963 35 54925 36 52490 38 94089 40 59115 42 56378
1 10135 4 13044 5 9354 7 13644 12 10737 13 11779 14 9215 18 10824 20 9331 21 16194 23 3009 24 4280 25 4350 28 3102 31 3756 32 5458 34 4113 36 3115 37 5337 42 3346
2 25201 5 26378 6 27009 7 38475 9 32875 10 33454 18 30521 19 37075 20 26312 22 25080 23 36131 24 51384 26 34946 27 56923 30 50237 31 45090 34 49379 35 39134 40 42119 41 38465
1 46163 2 40706 7 62146 8 71193 11 48800 12 48906 13 53649 14 41972 16 45144 17 56430 20 16682 21 28953 23 15759 24 22413 29 29112 31 19667 33 15216 34 21538 38 29240 40 18371
1 69279 4 89160 7 93265 8 106842 10 81093 12 73395 13 80513 14 62989 15 56364 17 84687 18 97175 19 118041 22 79851 23 79139 26 76543 27 124679 28 81565 29 146190 36 81916 38 146835
1 68964 2 60812 7 92842 13 80148 14 62703 16 67442 18 73649 19 89464 22 60520 23 59980 28 32925 29 59012 30 44417 31 39867 32 57929 33 30844 34 43659 36 33067 37 56646 39 42151
0 100328 1 80907 6 76462 7 108919 8 124775 11 85529 15 65824 16 79121 18 86403 19 104957 22 31149 23 30871 24 43904 25 44622 27 48636 30 42924 34 42191 36 31955 37 54742 38 57279
1 56669 3 51142 8 87395 11 59906 15 46105 16 55418 18 60519 19 73514 21 90547 23 49286 27 37388 29 43839 30 32997 31 29616 34 32434 35 25704 37 42082 38 44033 41 25265 42 26384
0 18273 2 12994 4 18965 9 16951 11 15578 13 17126 15 11989 16 14411 17 18014 23 12816 26 59516 27 96943 28 63420 29 113669 31 76792 33 59413 34 84096 36 63694 38 114171 42 68412
1 30235 2 26661 5 27906 6 28574 7 40703 9 34779 12 32032 19 39222 21 48310 23 26296 24 31967 25 32489 26 21740 29 41522 32 40761 33 21703 35 24346 38 41706 39 29659 42 24990
0 104316 1 84123 4 108264 8 129734 9 96765 10 98469 12 89122 14 76485 15 68441 17 102833 18 57113 27 73278 29 85920 30 64671 34 63567 35 50378 36 48145 37 82476 40 54221 41 49517
0 52781 4 54779 5 39285 6 40225 7 57301 8 65642 9 48960 13 49466 15 34629 23 37019 24 3779 28 2739 29 4909 30 3695 31 3316 33 2566 34 3632 36 2750 37 4712 38 4931
0 78029 2 55486 4 80983 5 58079 6 59468 13 73129 14 57212 15 51194 17 76920 21 100543 22 78225 24 110256 26 74984 28 79903 29 143212 31 96750 33 74855 36 80248 39 102294 42 86192
1 62453 3 56362 5 57643 7 84076 8 96315 12 66164 13 72581 15 50810 16 61074 17 76343 18 71602 20 61727 21 107129 26 56400 28 60100 31 72772 32 105743 33 56303 36 60359 42 64830
0 92563 1 74645 3 67365 5 68896 6 70544 7 100489 10 87375 11 78909 14 67868 18 79716 24 101644 26 69127 30 99374 31 89193 32 129604 33 69008 34 97677 36 73980 38 132609 39 94304
0 73121 1 58967 3 53216 6 55727 7 79383 12 62471 14 53613 15 47974 17 72082 19 76495 20 47468 21 82382 24 63773 27 70646 28 46217 30 62349 31 55961 35 48569 39 59168 41 47739
0 33777 5 25141 6 25742 13 31656 14 24766 17 33297 19 35336 20 25078 21 43523 25 34242 26 66262 32 124233 33 66148 34 93629 36 70914 37 121481 38 127113 39 90396 41 72935 42 76167
1 71861 2 63366 4 92483 7 96741 8 110823 10 84116 12 76131 13 83514 14 65336 18 76742 19 102236 21 125924 26 66294 27 107985 28 70644 35 74240 36 70948 39 90440 40 79903 42 76204
0 105127 1 84777 6 80119 12 89815 14 77080 17 103633 18 90537 19 109978 21 135459 24 104860 25 119127 28 84944 29 152247 33 79577 35 89268 36 85310 38 152919 39 108747 41 87742 42 91630
4 62888 6 46180 7 65784 9 56209 12 51769 13 56789 14 44428 17 59733 18 52185 20 44988 22 63158 23 62595 25 90475 26 60542 30 87032 31 78116 36 64792 39 82592 41 66638 42 69591
0 99575 1 80300 3 72468 6 75888 7 108102 9 92367 10 93994 16 78527 17 98159 18 85755 22 67563 24 95229 25 96784 27 105492 28 69013 30 93102 32 121424 33 64653 37 118735 42 74445
4 103144 8 123599 11 84723 12 84907 13 93141 14 72868 18 85589 21 128056 22 70331 24 99130 25 105671 32 132573 33 70589 35 79185 36 75674 37 129637 38 135646 39 96464 41 77831 42 81280
0 75326 1 60745 2 53564 3 54820 5 56066 8 93681 9 69873 12 64354 14 55229 16 59404 18 55653 24 64458 29 83725 30 63019 31 56562 32 82190 33 43762 34 61943 39 59803 40 52836
3 21618 4 30828 6 22638 8 36942 9 27554 10 28039 11 25322 12 25377 15 19488 17 29282 22 5102 28 5211 29 9340 30 7030 32 9169 34 6910 36 5234 38 9382 40 5894 42 5621
1 40993 4 52756 5 37835 8 63219 10 47983 12 43428 15 33351 16 40088 18 43777 19 53178 20 18055 22 17210 25 24653 30 23715 31 21285 32 30930 37 30244 39 22505 41 18158 42 18963
3 18908 4 26963 5 19337 7 28205 12 22196 15 17045 19 27179 20 19289 23 18221 24 25914 27 5029 28 3290 30 4438 32 5788 33 3082 37 5660 38 5923 40 3721 41 3398 42 3549
0 30788 3 22407 6 23464 7 33425 8 38290 9 28559 10 29062 11 26246 15 20200 16 24280 20 82400 21 143007 22 78542 26 75288 27 122635 28 80227 31 97142 33 75158 36 80573 38 144427
0 17917 1 14449 2 12741 3 13040 4 18596 8 22283 17 17663 18 15431 21 23087 24 17872 25 78320 27 85367 30 75340 33 52318 34 74054 38 100537 39 71496 40 63166 41 57686 42 60242
5 42573 10 53992 13 53605 14 41937 15 37527 16 45107 17 56384 18 49259 22 40477 23 40116 24 43115 26 29322 27 47762 28 31246 30 42152 31 37834 32 54976 35 32836 41 32275 42 33705
3 55749 7 83162 8 95268 9 71057 10 72309 11 65303 15 50258 16 60410 17 75513 22 54210 23 26229 26 25369 27 41322 30 36469 31 32733 32 47563 38 48666 39 34608 40 30576 42 29161
2 61429 4 89656 5 64299 6 65837 9 80133 12 73804 13 80961 18 74397 21 111311 22 61134 24 36448 27 40376 30 35634 34 35025 36 26528 37 45444 38 47551 39 33815 40 29876 42 28493
1 96828 2 85382 3 87385 5 89371 6 91508 8 149328 10 113341 12 102582 13 112530 15 78777 20 48817 25 66657 27 72654 30 64121 31 57551 32 83627 34 63026 35 49950 36 47735 39 60849
0 100113 2 71190 4 103903 5 74516 6 76298 7 108687 8 124508 9 92867 10 94502 11 85346 17 23090 18 20172 20 17390 21 30181 22 16576 24 23364 25 23745 30 22842 37 29131 41 17489
1 78833 2 69514 9 90680 11 83336 12 83517 13 91617 14 71675 17 96366 22 69180 24 97508 26 43166 27 70311 29 82442 31 55696 32 80930 33 43091 34 60994 38 82806 40 52026 42 49618
0 38338 2 27262 4 39790 6 29218 7 41622 8 47681 10 36190 13 35931 17 37793 19 40107 21 71719 22 39389 25 56426 26 37758 28 40235 29 72113 30 54279 34 53352 41 41560 42 43401
0 73390 2 52187 6 55932 8 91273 10 69277 13 68781 14 53810 17 72347 18 63204 22 51936 27 88257 28 57738 30 77891 31 69911 33 54090 34 76561 36 57986 39 73917 40 65305 41 59639
0 16658 3 12123 4 17288 5 12399 7 18084 9 15452 10 15724 11 14201 12 14231 13 15612 15 47444 18 62277 20 53688 26 49054 28 52273 34 69314 38 94103 39 66920 40 59124 41 53994
4 38125 6 27996 9 34075 12 31384 13 34427 16 28970 17 36212 19 38429 20 27273 21 47333 22 32540 23 32249 26 31191 29 59573 30 44840 31 40246 32 58480 33 31138 40 37594 41 34332
0 49079 3 35719 5 36530 7 53282 8 61039 9 45527 11 41840 13 45997 16 38705 19 51344 20 79185 21 137427 23 74804 24 106384 26 72351 27 117850 28 77097 32 135648 37 132643 41 79636
1 64419 2 56803 3 58136 4 82905 6 60879 7 86722 8 99346 10 75405 16 62997 17 78746 18 88930 19 108026 23 72424 24 103000 30 100699 34 98980 35 78444 36 74966 37 128424 39 95562
1 88175 6 83331 11 93212 12 93415 13 102474 16 86229 19 114386 21 140888 22 77378 23 76688 25 32374 28 23085 30 31142 31 27952 32 40616 34 30611 36 23184 38 41558 39 29553 41 23845
1 70484 2 62152 3 63610 6 66611 13 81914 14 64084 16 68928 18 75272 19 91436 23 61301 24 43652 26 29688 30 42678 31 38305 34 41949 36 31772 37 54428 39 40500 41 32677 42 34125
0 79963 3 58195 4 82990 6 60941 8 99448 11 68168 12 68316 13 74941 15 52463 16 63061 17 48775 20 36735 23 34702 24 49353 25 50159 33 33506 35 37587 37 61535 38 64387 39 45789
0 94442 1 76161 3 68733 5 70295 9 87606 11 80511 12 80686 14 69246 17 93100 18 81335 20 50684 22 48311 23 47880 27 75433 28 49348 29 88447 30 66573 32 86825 40 55816 41 50973
5 40276 9 50195 10 51079 11 46130 12 46230 14 39675 16 42674 20 40175 23 37952 24 53975 25 3368 26 2253 31 2908 33 2249 35 2523 36 2412 37 4132 38 4323 40 2716 41 2480
6 23263 7 33138 8 37962 12 26078 13 28607 15 20026 17 30090 20 22662 23 21408 24 30446 25 16681 26 11162 27 18182 30 16046 31 14402 32 20928 35 12500 36 11946 39 15228 40 13454
5 30346 6 31072 9 37819 12 34832 15 26749 16 32153 17 40191 18 35112 23 28595 25 41331 26 13850 27 22561 33 13827 34 19571 35 15510 37 25393 38 26570 39 18895 41 15245 42 15921
2 57634 7 87991 11 69095 15 53176 20 60175 21 104435 22 57358 24 80844 28 58588 30 79039 31 3430 32 4984 33 2654 34 3756 35 2977 36 2845 37 4874 38 5100 39 3627 41 2926
0 78084 1 62969 2 55525 6 59509 8 97111 9 72432 15 51230 18 67247 19 81687 21 100613 22 66257 23 65666 25 94913 28 67679 29 121302 30 91302 32 119077 33 63403 37 116439 41 69908
1 67665 2 59666 5 62453 6 63947 8 104353 9 77833 10 79204 13 78638 15 55051 16 66171 19 40674 20 28866 23 27269 24 38781 26 26375 27 42961 28 28105 32 49449 33 26329 34 37268
1 80408 4 103483 8 124005 9 92492 10 94121 11 85001 19 104310 21 128478 22 70562 23 69933 24 65532 25 66603 28 47492 29 85120 32 83559 33 44491 34 62975 36 47696 37 81708 39 60800
1 29563 6 27938 7 39798 8 45591 9 34005 13 34357 16 28910 17 36138 20 27217 23 25711 24 30878 26 21000 28 22378 30 30189 32 39372 34 29673 36 22474 37 38500 39 28648 40 25311
0 110343 1 88984 4 114520 6 84095 9 102356 11 94067 13 103414 16 87020 17 108775 20 81924 22 12158 24 17136 28 12419 29 22259 30 16754 34 16468 36 12472 38 22357 40 14047 41 12828
1 54576 4 70238 6 51577 11 57694 16 53371 17 66714 18 58284 19 70799 20 50246 22 47893 24 58540 26 39813 27 64850 28 42425 31 51369 34 56256 35 44584 36 42607 39 54313 40 47985
0 112280 2 79842 5 83572 8 139639 9 104153 14 82325 17 110684 19 117461 22 79458 25 113825 26 18975 29 36240 30 27277 31 24483 33 18942 36 20307 37 34787 38 36400 39 25886 40 22870
1 51241 7 68983 12 54286 13 59551 14 46589 15 41689 16 50110 17 62638 21 81875 22 44967 24 45898 25 46648 28 33263 29 59618 30 44873 32 58524 36 33406 37 57228 38 59881 40 37623
1 85751 3 77388 4 110360 5 79147 6 81040 7 115441 11 90650 12 90847 13 99657 15 69765 16 41836 17 52295 18 45686 22 37541 26 35986 27 58617 28 38347 29 68730 33 35924 38 69034
0 116350 1 93828 3 84677 5 86601 6 88672 9 107928 12 99403 14 85308 15 76336 16 91757 18 9684 19 11764 20 8348 21 14489 25 11399 28 8128 30 10966 37 13985 38 14633 39 10406
1 58849 2 51892 3 53110 5 54317 6 55616 7 79224 10 68885 12 62346 14 53506 18 62847 21 38461 22 21124 25 30260 27 32982 32 37964 35 22675 37 37123 39 27623 40 24405 41 22287
1 34908 2 30781 4 44926 5 32219 6 32990 9 40154 12 36982 17 42672 20 32138 23 30360 24 19412 25 19729 27 21504 28 14068 29 25214 31 17034 32 24752 33 13179 39 18010 40 15912
4 79998 5 57372 8 95862 9 71501 11 65710 14 56516 18 66382 19 80637 20 57227 21 99320 23 69156 24 98352 26 66888 27 108952 28 71276 30 96156 32 125407 33 66773 34 94514 39 91250
1 9797 2 8639 3 8841 4 12608 8 15109 9 11269 11 10356 12 10379 13 11386 17 11976 18 2656 21 3974 23 2163 25 3127 27 3408 30 3008 31 2699 33 2088 34 2956 38 4014
1 73682 6 69633 7 99192 8 113632 9 84754 11 77891 13 85630 15 59946 19 95584 22 64659 25 119164 26 79740 28 84971 30 114630 31 102886 35 89296 36 85337 40 96108 41 87769 42 91659
3 20630 5 21099 6 21603 7 30774 10 26758 13 26566 14 20784 16 22355 19 29655 22 20060 23 8504 28 8764 29 15709 30 11824 32 15421 34 11622 35 9211 36 8802 38 15778 41 9053
1 79189 4 101914 10 92694 12 83894 13 92031 14 71999 16 77441 17 96801 18 84569 19 102728 20 85009 22 81028 23 80305 26 77672 28 82767 29 148345 30 111657 37 142399 38 149000 42 89281
0 95910 9 88968 10 90535 11 81763 12 81941 13 89887 14 70322 16 75637 18 82599 20 71208 21 138207 23 75228 24 106987 25 108735 26 72761 31 93882 33 72636 36 77869 37 133396 42 83637
0 109942 2 78179 3 80013 6 83789 11 93725 13 103038 14 80610 16 86703 17 108379 19 115015 21 33329 22 18305 23 18141 24 25800 25 26222 28 18697 34 24793 36 18778 37 32169 40 21148
3 37728 4 53802 5 38585 6 39508 7 56279 10 48935 11 44193 12 44289 15 34012 16 40882 18 4263 22 3503 23 3472 25 5019 29 6414 30 4828 31 4333 34 4745 36 3594 37 6157
3 84227 4 120113 5 86141 6 88202 7 125643 11 98661 14 84856 15 75931 18 99670 22 81901 24 27520 29 35745 30 26905 31 24148 32 35090 33 18683 37 34312 38 35903 40 22558 42 21513
0 12911 1 10412 2 9181 4 13400 6 9840 7 14017 15 8471 17 12727 19 13507 20 9585 21 12903 22 7086 25 10151 26 6793 29 12974 30 9765 31 8765 32 12736 34 9598 40 8187
1 29790 2 26268 7 40104 8 45942 11 31492 12 31560 14 27085 16 29132 17 36415 18 31814 21 27014 22 14837 23 14704 24 20912 26 14222 27 23166 28 15155 30 20445 36 15220 38 27283
2 31028 3 31756 6 33254 8 54266 9 40475 10 41188 12 37278 16 34411 18 37578 19 45647 20 57160 22 54484 23 53998 27 85071 31 67387 32 97919 33 52137 34 73797 35 58486 37 95750
0 26143 2 18590 3 19026 4 27132 5 19458 11 22286 12 22335 13 24501 15 17152 17 25771 19 3403 21 4192 24 3245 26 2206 29 4215 30 3172 35 2471 37 4046 40 2659 42 2536
2 36253 3 37103 6 38854 7 55347 8 63404 10 48124 12 43556 14 37380 16 40205 22 36078 27 1211 29 1420 32 1394 33 742 34 1050 35 832 36 795 38 1426 39 1014 40 896
0 73446 5 54667 7 79736 9 68130 12 62749 13 68834 16 57922 18 63253 22 51977 23 51513 30 58180 31 52219 32 75878 35 45321 36 43312 37 74197 38 77637 39 55211 41 44546 42 46520
2 53875 3 55139 5 56392 6 57741 7 82251 10 71517 14 55550 16 59749 17 74686 18 65248 21 106861 22 58690 23 58166 28 59949 30 80875 31 72589 36 60208 38 107923 39 76749 41 61924
4 37615 5 26976 6 27621 8 45074 11 30897 14 26573 19 37915 20 26908 21 46700 26 24586 27 96151 28 62902 30 84858 31 76164 33 58928 35 66104 38 113238 39 80528 40 71146 42 67853
0 105756 2 75203 3 76967 6 80599 7 114813 11 90156 16 83402 18 91078 19 110636 25 107211 27 71004 28 46451 32 81727 34 61594 35 48815 36 46651 37 79917 40 52539 41 47980 42 50107
0 100390 1 80958 2 71387 4 104190 7 108987 9 93124 10 94764 11 85582 12 85768 14 73607 16 90781 19 120424 22 81463 23 80736 24 114820 30 112256 33 77954 35 87447 39 106529 41 85951
0 59455 1 47946 5 44254 7 64547 8 73943 9 55152 12 50795 15 39008 16 46888 17 58610 21 117883 22 64743 24 91254 28 66133 30 89217 36 66418 38 119054 39 84665 40 74801 42 71338
0 92135 1 74300 5 68577 6 70217 7 100025 9 85465 14 67554 17 90825 18 79347 19 96386 22 74891 23 74223 29 137109 31 92627 33 71665 34 101438 36 76828 39 97935 41 79018 42 82519
0 44006 1 35488 2 31293 5 32755 7 47775 8 54729 14 32266 19 46037 24 43895 25 44612 26 4541 27 7397 29 8673 30 6528 32 8514 33 4533 34 6417 35 5085 37 8325 42 5220
1 88963 5 82111 6 84075 7 119765 8 137199 10 104135 12 94250 14 80886 15 72379 16 87000 21 90604 22 49761 25 71283 30 68571 31 61546 32 89431 33 47617 36 51048 37 87450 38 91504
1 34418 2 30349 4 44294 5 31767 6 32526 8 53079 11 36384 13 39999 14 31292 15 28001 19 23721 27 25055 28 16390 31 19846 32 28838 34 21734 35 17225 37 28200 38 29507 41 16930
2 54758 5 57316 7 83600 9 71431 11 65646 12 65789 14 56461 15 50522 22 54495 23 54009 27 4867 28 3184 29 5706 31 3855 34 4222 36 3197 38 5732 40 3601 41 3288 42 3434
4 106141 7 111028 13 95848 15 67099 18 88076 19 106989 20 75930 21 131778 22 72375 23 71729 24 109700 26 74606 28 79501 30 107251 32 139877 34 105419 35 83548 36 79843 39 101779 40 89921
2 35347 3 36176 4 51589 6 37883 7 53964 8 61820 10 46921 13 46586 17 49001 18 42808 22 52277 25 74887 27 81625 28 53399 31 64658 37 91871 38 96130 39 68363 41 55158 42 57602
0 64011 3 46586 5 47644 6 48784 7 69493 9 59378 11 54569 12 54688 14 46933 15 41997 19 18911 24 18031 27 19974 29 23421 32 22991 34 17327 35 13732 37 22482 38 23524 41 13497
5 62786 8 104908 9 78248 15 55344 16 66524 17 83155 19 88246 21 108692 22 59696 23 59163 24 51395 25 52235 27 56934 29 66757 31 45099 34 49389 36 37407 40 42128 41 38473 42 40178
1 86594 2 76358 3 78149 4 111445 5 79925 8 133546 9 99607 11 91541 12 91740 13 100637 15 41411 16 49776 17 62221 23 44269 24 62957 36 45822 37 78498 38 82137 41 47128 42 49217
3 63615 10 82511 12 74679 13 81921 14 64090 16 68934 17 86168 18 75279 21 112630 24 87188 25 116196 26 77753 27 126650 28 82854 32 145777 33 77619 35 87072 37 142548 40 93714 41 85583
4 55358 7 57907 10 50350 13 49990 14 39109 15 34995 16 42065 18 45936 20 39601 21 68729 23 16954 25 24506 28 17474 29 31319 30 23573 32 30744 35 18363 39 22370 40 19764 41 18049
0 52778 3 38410 7 57298 10 49820 12 45091 15 34627 16 41622 17 52028 18 45453 19 55213 20 1156 21 2007 22 1102 24 1554 25 1579 30 1519 33 1055 34 1493 39 1442 40 1274
1 25359 3 22885 10 29683 12 26866 13 29471 14 23056 16 24799 17 30999 22 22253 25 31878 27 29286 28 19159 30 25846 33 17948 35 20134 36 19241 38 34490 39 24527 41 19790 42 20667
1 73825 8 113853 10 86415 11 78042 13 85797 15 60062 17 90245 18 78840 19 95770 21 117959 22 71609 23 70970 26 68643 27 111810 29 131100 36 73461 37 125845 39 93643 40 82733 41 75555
0 92841 1 74870 2 66019 5 69103 8 115464 9 86121 10 87638 11 79147 13 87011 16 73217 17 99541 22 71459 23 70822 29 130826 30 98471 31 88383 33 68381 35 76708 37 125582 40 82560
6 65229 7 92918 8 106444 9 79393 11 72964 12 73122 15 56154 19 89538 20 63545 22 60569 23 81221 25 117397 26 78557 29 150036 31 101360 33 78422 35 87972 36 84072 41 86468 42 90299
0 90130 1 72683 6 68689 11 76835 13 84470 15 59133 16 71079 17 88849 18 77621 19 94288 20 56447 21 97965 25 77075 27 84010 28 54959 30 74142 31 66547 33 51486 37 94555 41 56769
0 47272 1 38122 4 49062 7 51320 10 44623 13 44304 14 34660 15 31015 17 46600 18 40711 26 36120 27 58836 28 38490 32 67721 35 40449 36 38656 39 49276 40 43535 41 39758 42 41519
2 72057 4 105169 7 110011 11 86386 14 74298 17 99893 19 106008 21 130570 23 71072 24 101076 26 78613 27 128050 28 83770 31 101432 34 111081 35 88034 37 144124 39 107245 40 94750 41 86529
0 90901 1 73305 2 64640 6 69278 7 98686 8 113052 9 84322 10 85807 14 66650 16 71687 17 117306 25 120635 26 80724 33 80585 34 114063 36 86390 37 147994 40 97294 41 88852 42 92790
2 62254 3 63714 8 108879 9 81210 10 82640 11 74633 12 74795 13 82049 17 86302 20 64998 22 71409 23 70771 24 100649 26 68450 27 111497 28 72941 32 128336 33 68332 34 96721 42 78682
0 19012 3 13836 4 19731 5 14151 7 20640 9 17636 12 16243 17 18741 18 16373 22 13454 24 28599 26 19450 29 37148 31 25096 33 19417 34 27483 35 21781 38 37312 40 23443 42 22357
4 80137 7 83827 8 96029 9 71625 10 72887 11 65825 15 50660 16 60893 21 99493 22 54643 23 46387 27 73080 31 57889 32 84117 33 44788 35 50242 37 82254 38 86067 40 54075 42 51572
1 12745 2 11238 3 11502 4 16402 5 11763 7 17158 10 14918 11 13473 16 12464 18 13611 23 2299 24 3270 25 3324 27 3623 29 4248 31 2870 32 4170 37 4078 38 4267 39 3034
0 38596 1 31125 2 27446 4 40057 5 28728 6 29415 7 41902 9 35803 14 28299 15 25323 16 48417 18 52873 20 45581 22 43447 23 43060 31 53737 33 41576 34 58848 35 46639 39 56816
1 88623 2 78147 3 79980 5 81797 7 119307 8 136674 13 102995 15 72102 19 114967 20 81591 21 46781 22 25693 24 36213 26 24628 28 26244 29 47038 32 46175 33 24586 36 26357 38 47246
0 100166 3 72898 5 74555 7 108744 9 92915 10 94552 13 93876 16 78994 18 86264 19 104788 21 32638 22 17925 25 25678 26 17182 29 32817 32 32215 34 24279 36 18389 39 23440 40 20709
0 44202 2 31432 3 32169 4 45875 5 32900 6 33687 7 47987 11 37682 14 32409 15 29001 16 26592 17 33241 18 29040 28 24375 29 43688 30 32883 34 32322 35 25616 36 24480 42 26293
0 33531 1 27040 2 23844 4 34800 10 31652 11 28585 14 24585 17 33054 20 24895 21 43206 23 4581 25 6621 27 7217 31 5716 32 8307 34 6260 36 4741 37 8123 40 5340 41 4876
1 81022 4 104273 5 74781 7 109073 8 124951 9 93197 11 85650 13 94160 14 73665 15 65917 16 85290 22 76536 27 119502 31 94661 33 73239 34 103666 35 82158 37 134503 39 100085 41 80753
3 36608 4 52206 5 37440 6 38336 7 54609 8 62559 9 46661 14 36882 16 39669 17 49587 19 118591 24 113073 26 76900 27 125260 32 144177 33 76767 35 86116 36 82298 40 92685 42 88394
0 115298 1 92979 2 81988 6 87871 9 106952 10 108836 11 98291 12 98504 18 99296 19 120618 25 105606 28 75303 29 134967 30 101588 32 132492 33 70545 35 79136 37 129557 38 135563 41 77783
0 46765 4 48535 5 34808 6 35640 8 58160 10 44144 15 30682 16 36880 20 34720 21 60258 22 46727 24 65861 28 47730 30 64390 31 57793 33 44714 35 50160 36 47936 37 82118 40 53986
1 25942 4 33386 5 23944 7 34923 8 40007 10 30366 12 27483 15 21105 17 31711 21 41450 26 74065 28 78924 30 106472 31 95564 32 138862 33 73937 38 142081 39 101040 40 89268 41 81523
2 40985 5 42900 6 43926 8 71681 9 53464 10 54406 12 49241 13 54017 14 42259 15 37815 17 116928 19 124086 26 80463 28 85742 29 153676 31 103820 33 80325 34 113695 36 86112 41 88566
1 40370 2 35597 8 62258 9 46436 10 47254 12 42768 14 36704 17 49348 18 43112 20 37166 21 1511 24 1169 25 1188 33 794 34 1124 36 851 38 1526 40 958 41 875 42 914
2 36623 3 37482 6 39250 7 55912 11 43905 12 44000 13 48267 14 37761 15 33790 18 44354 20 5654 21 9814 22 5390 23 5342 27 8416 28 5505 33 5157 34 7300 35 5786 39 7048
2 67074 3 68647 7 102402 8 117309 9 87497 11 80411 14 69159 15 61885 17 92984 19 98676 20 77264 24 103803 26 70596 29 134830 33 70474 35 79056 36 75551 38 135426 40 85087 41 77704
1 65860 2 58074 5 60787 8 101569 10 77091 11 69622 13 76540 15 53582 16 64406 17 80508 19 121815 21 150039 23 81669 26 78990 27 128665 30 113553 31 101920 36 84535 41 86945 42 90797
0 123130 1 99296 6 93840 9 114218 10 116230 14 90280 15 80785 22 87137 23 86360 26 83527 27 107940 29 126563 30 95262 34 93636 36 70918 38 127121 39 90402 40 79869 41 72940 42 76172
1 65030 3 58688 5 60022 6 61457 7 87546 8 100290 9 74803 10 76121 11 68745 12 68895 17 84473 21 110416 23 60101 24 85474 28 61944 32 108986 33 58030 36 62211 40 70062 41 63984
1 31550 5 29120 8 48656 11 33352 14 28685 16 30853 19 40928 22 27686 25 39661 27 43229 28 7852 29 14074 31 9508 33 7356 34 10413 36 7886 37 13510 38 14136 39 10053 42 8470
1 35284 3 31843 4 45410 5 32566 6 33345 8 54415 9 40586 14 32080 16 34505 21 56378 22 43685 23 43296 24 61574 26 41876 27 68210 29 79978 30 60199 33 41804 36 44815 37 76773
1 76551 3 69084 6 72344 7 103054 9 88054 10 89605 12 81099 14 69600 15 62280 18 81751 20 39622 21 68765 22 37767 24 53232 30 52043 35 40541 37 66371 38 69448 40 43634 42 41614
3 27007 4 38513 11 31635 12 31704 13 34778 14 27208 17 36581 20 27551 23 26027 24 37015 28 1279 30 1725 32 2250 33 1198 34 1695 37 2200 38 2302 39 1637 41 1321 42 1379
0 109700 1 88465 2 78007 4 113853 5 81652 7 119094 8 136431 11 93519 12 93722 15 71973 16 4644 19 6161 20 4372 21 7588 23 4130 24 5874 26 3995 29 7630 31 5154 41 4397
1 81531 2 71893 3 73579 6 77051 8 125737 9 93783 11 86188 14 74128 15 66332 16 79732 21 116008 22 63713 23 63145 26 61074 27 99482 28 65081 29 116645 33 60969 37 111969 40 73611
0 34735 2 24700 4 36050 10 32789 11 29612 12 29676 14 25468 16 27393 19 36338 20 25789 21 13631 24 10552 25 10724 26 7176 27 11689 30 10316 32 13455 35 8036 36 7680 37 13157
0 98043 2 69718 5 72975 6 74720 10 92548 14 71886 16 77319 17 96649 18 84436 22 69383 24 109548 26 74502 27 121355 29 142292 31 96129 33 74374 35 83431 40 89796 41 82005 42 85639
1 71452 3 64483 6 67526 7 96191 8 110193 12 75698 13 83039 15 58132 16 69875 18 76306 20 71319 22 67980 24 95816 26 65164 28 69439 33 65051 34 92077 38 125006 39 88897 42 74904
0 65225 1 52599 7 70810 9 60504 10 61569 11 55604 12 55725 16 51438 19 68234 20 48426 23 64506 25 93237 26 62390 27 101625 28 66483 31 80500 38 119685 40 75197 41 68673 42 71716
0 113383 1 91436 4 117675 5 84393 6 86412 7 123093 10 107029 14 83134 15 74390 16 89417 20 47237 23 44623 34 60985 36 46189 37 79127 38 82795 39 58879 40 52019 41 47506 42 49611
0 43209 1 34845 5 32161 8 53737 9 40081 11 36835 13 40495 16 34075 17 42594 20 32080 21 17131 23 9324 24 13261 26 9018 29 17225 30 12965 31 11636 32 16909 33 9003 34 12743
0 25849 2 18381 6 19700 10 24400 11 22036 12 22084 13 24225 15 16959 16 20385 17 25481 19 17680 20 12547 26 11464 30 16481 31 14792 34 16199 36 12269 38 21993 39 15640 42 13178
2 80722 3 82615 4 117814 6 86514 8 141179 9 105301 11 96773 17 111904 22 80334 23 79617 24 8062 27 8931 28 5843 29 10472 32 10280 33 5473 34 7748 35 6140 37 10052 38 10518
1 40568 4 52211 8 62565 9 46665 10 47487 11 42886 15 33005 17 49591 19 52628 20 37349 21 53895 25 42402 28 30235 29 54191 30 40789 31 36610 34 40092 37 52019 40 34198 42 32615
4 114818 5 82344 12 94517 15 72584 17 109058 18 95276 19 115735 20 82137 22 78291 27 122243 29 103702 31 70058 32 101800 33 54204 34 76722 36 58109 37 99545 38 104160 39 74073 41 59765
0 61311 1 49443 8 76250 13 57460 18 52801 19 64139 20 45519 22 43388 23 43001 25 62154 26 53189 28 56678 29 101586 31 68629 32 99723 33 53097 35 59564 36 56923 40 64107 42 61139
0 73477 1 59254 3 53475 6 55999 8 91382 9 68159 11 62639 12 62775 20 54553 21 94678 28 1803 29 3233 30 2433 31 2184 34 2392 36 1811 37 3103 39 2309 40 2040 41 1863
0 105656 1 85204 3 76894 8 131401 9 98008 10 99735 12 90267 14 77468 15 69320 17 104154 18 10115 21 15134 22 8312 23 8237 24 11715 26 7967 27 12978 28 8490 29 15217 41 8770
1 83048 4 106880 5 76651 6 78485 7 111801 10 97211 13 96515 15 67566 16 81215 25 104399 29 110177 30 82929 32 108156 33 57588 34 81513 37 105761 38 110663 40 69529 41 63496 42 66310
0 52816 1 42592 3 38438 6 40252 9 48993 10 49856 11 45025 12 45123 13 49499 15 34652 18 12381 19 15039 20 10673 28 10392 30 14019 31 12583 39 13304 40 11754 41 10734 42 11210
1 48675 3 43928 6 46001 9 55990 10 56976 11 51456 15 39601 17 59501 20 44813 21 77774 25 116229 26 77776 30 111807 31 100352 33 77642 34 109898 35 87097 39 106102 40 93741 42 89401
5 19109 6 19566 9 23814 10 24234 12 21933 14 18823 15 16844 16 20246 17 25308 20 19060 22 34905 23 34593 25 50001 28 35654 31 43171 32 62731 33 33401 34 47278 39 45645 41 36828
3 32548 4 46416 9 41486 10 42216 11 38126 12 38209 13 41914 14 32791 15 29342 17 44087 19 91564 23 61387 28 63269 29 113398 32 111318 35 66490 36 63542 37 108853 41 65353 42 68249
1 65496 2 57753 3 59108 6 61897 8 101007 10 76665 12 69387 15 53286 17 80062 18 69945 19 44447 22 30067 24 42379 25 43071 28 30712 34 40725 36 30845 38 55289 39 39319 40 34738
0 83974 1 67719 8 104436 9 77895 10 79267 11 71587 12 71743 13 78700 14 61570 23 58896 24 7064 27 7825 28 5119 30 6906 32 9007 35 5380 37 8808 38 9216 39 6554 42 5522
1 39577 3 35717 5 36529 7 53280 10 46327 12 41929 13 45995 15 32199 16 38704 19 51342 21 32038 23 17439 28 17973 30 24247 31 21763 34 23833 35 18888 37 30923 39 23010 40 20329
5 64973 7 94767 12 74578 13 81810 14 64003 15 57272 16 68841 18 75177 19 91320 22 61775 23 22878 25 33069 26 22128 27 36044 28 23580 29 42263 35 24780 37 40568 40 26670 41 24356
1 42498 5 39225 7 57212 9 48884 10 49745 13 49389 14 38639 16 41560 17 51950 19 55130 20 19948 21 34620 25 27238 26 18226 27 29688 28 19422 30 26201 31 23517 34 25754 38 34964
0 12601 1 10162 6 9603 8 15672 9 11689 12 10766 13 11810 15 8267 16 9937 18 10852 20 3056 21 5304 24 4106 25 4173 26 2792 27 4549 28 2976 29 5333 34 3946 36 2988
4 39010 7 40806 10 35481 11 32043 15 24661 16 29643 19 39322 20 27907 21 48433 24 37492 25 72372 27 78884 29 92493 31 62486 36 51828 37 88786 39 66067 40 58369 41 53305 42 55667
0 42571 1 34330 2 30272 5 31686 6 32444 8 52944 9 39489 11 36291 12 36370 14 31213 15 2747 24 4176 26 2840 29 5424 31 3664 34 4013 36 3039 37 5207 39 3874 42 3264
0 35552 1 28670 8 44215 11 30308 12 30374 15 23325 17 35047 18 30618 20 26395 25 36041 26 17249 28 18380 29 32943 30 24796 33 17219 34 24373 37 31623 38 33089 39 23531 41 18986
0 60744 1 48986 2 43195 7 65946 9 56347 10 57340 12 51897 15 39854 16 47905 20 45099 21 50190 25 39487 29 50466 30 37985 33 26378 35 29590 37 48443 38 50688 39 36047 42 30373
0 84114 2 59813 5 62608 6 64105 7 91317 10 79400 13 78832 19 87995 22 59526 23 58995 26 37739 28 40215 29 72079 32 70757 35 42262 37 69189 39 51485 40 45486 41 41540 42 43381
0 69063 1 55694 2 49110 5 51405 8 85892 10 65192 12 59004 14 50637 16 54465 17 68081 19 12605 23 8451 25 12215 31 10546 32 15325 35 9153 36 8748 37 14986 40 9852 41 8997
1 30588 2 26972 3 27604 4 39366 5 28232 7 41178 8 47173 11 32335 13 35548 16 29913 17 22056 18 19269 20 16612 21 28830 31 19584 33 15152 38 29117 39 20706 40 18294 41 16706
0 102427 1 82600 2 72836 5 76238 6 78062 8 127386 9 95013 13 95995 15 67202 16 80777 19 14608 23 9794 26 9473 28 10094 29 18092 32 17760 35 10608 37 17367 38 18172 39 12923
2 40724 3 41679 4 59437 6 43646 8 71225 11 48822 13 53673 17 56456 18 49321 21 73793 22 66584 26 63826 27 103964 28 68013 29 121901 30 91753 31 82353 32 119665 34 90187 36 68306
2 64757 5 67783 7 98865 10 85963 11 77634 15 59748 18 78428 21 117342 22 64446 27 100626 28 6934 29 12428 30 9354 31 8396 33 6496 36 6964 37 11930 38 12483 40 7843 41 7162
1 58003 5 53536 7 78086 9 66720 11 61317 13 67409 14 52737 19 75245 20 53401 22 50901 23 2778 25 4016 27 4377 29 5133 31 3467 32 5039 33 2683 38 5155 40 3239 41 2958
0 65945 2 46893 5 49084 7 71592 9 61171 10 62249 11 56217 13 61803 14 48351 18 56792 19 45725 24 43597 27 48296 30 42623 32 55590 33 29599 35 33203 36 31731 37 54359 40 35736
3 41544 8 70994 9 52952 10 53885 15 37452 16 45018 17 56273 18 49162 19 59718 20 42382 24 30544 25 31043 27 33836 31 26802 32 38946 34 29352 35 23262 36 22231 39 28338 41 22864
3 38502 4 54907 7 57435 8 65796 12 45198 14 38790 16 41722 17 52152 18 45562 19 55345 23 65682 24 93411 26 63528 30 91324 33 63418 34 89765 35 71141 37 116468 39 86665 42 73023
0 116026 1 93567 6 88426 9 107628 11 98912 14 85071 22 82110 23 81377 24 115732 25 117623 26 19499 27 31762 30 28031 34 27552 35 21836 36 20868 37 35749 38 37406 40 23502 42 22414
4 54912 5 39381 6 40323 7 57440 9 49079 10 49944 11 45105 13 49586 16 41726 17 52157 22 43836 23 43445 25 62795 30 60406 31 54217 34 59375 35 47056 36 44970 37 77037 42 48301
1 65872 3 59448 4 84776 5 60799 8 101588 13 76555 14 59891 16 64418 19 85453 21 105252 23 74746 24 106301 26 72294 28 77037 30 103927 32 135543 33 72170 35 80959 38 138684 39 98625
1 78131 4 100553 5 72114 6 73838 9 89873 11 82595 13 90801 14 71037 15 63566 21 124840 23 36478 26 35282 27 57469 28 37596 29 67385 30 50719 33 35221 35 39510 38 67682 39 48132
0 25749 1 20765 2 18310 4 26724 6 19624 10 24306 13 24132 16 20307 20 19117 21 33179 25 11920 26 7976 28 8500 29 15234 30 11467 31 10292 32 14955 35 8932 38 15302 40 9614
0 35454 1 28591 2 25211 6 27020 8 44094 9 32888 13 33228 15 23261 18 30534 19 37090 21 95858 24 74205 27 82202 28 53777 34 71309 35 56514 37 92521 40 60825 41 55548 42 58009
0 66602 1 53710 4 69123 12 56901 13 62419 14 48833 16 52524 18 57358 19 69675 20 49448 21 8554 22 4698 23 4656 28 4799 30 6474 31 5810 35 5043 37 8256 40 5428 42 5176
6 43291 8 70645 9 52692 10 53620 11 48425 13 53237 14 41649 15 37268 16 44797 17 55996 20 6269 23 5922 26 5728 27 9330 28 6103 30 8234 32 10739 37 10501 38 10988 41 6304
2 33503 4 48898 5 35068 8 58595 9 43704 10 44474 11 40165 12 40252 15 30911 21 60708 22 2399 24 3381 27 3746 28 2450 30 3306 31 2967 35 2575 37 4216 38 4411 42 2643
2 50056 8 87545 11 60009 12 60140 15 46184 16 55513 17 69392 19 73640 20 52262 22 49815 24 36332 25 36925 28 26330 29 47191 31 31881 33 24666 34 34914 36 26443 39 33708 41 27197
0 99513 1 80250 3 72423 5 74069 6 75841 9 92310 11 84834 17 98098 18 85702 20 73883 21 56431 27 48392 28 31658 29 56741 30 42708 35 33270 37 54467 39 40529 41 32701 42 34150
0 26088 1 21038 3 18986 5 19418 7 28322 10 24626 11 22240 12 22288 16 20574 17 25717 21 141455 23 76997 34 105229 35 83396 36 79699 37 136531 38 142861 39 101595 40 89758 41 81970
0 35847 1 28908 3 26088 4 37204 10 33838 13 33596 14 26283 15 23519 16 28270 18 30872 19 8776 23 5884 25 8505 27 9270 30 8181 32 10670 36 6090 40 6859 41 6264 42 6542
5 18499 7 26982 13 23293 14 18223 16 19600 17 24501 19 26001 21 32025 25 25196 26 16860 27 9261 29 10859 31 7336 32 10659 33 5675 34 8033 37 10423 38 10906 39 7756 40 6852
0 83626 2 59466 4 86792 6 63733 8 104003 10 78939 13 78375 14 61315 15 54866 16 65950 18 67943 21 101656 25 79978 26 53518 30 76935 32 100340 33 53426 34 75622 35 59932 40 64504
0 74379 1 59981 4 77195 8 92503 9 68995 12 63546 13 69708 15 48800 17 73322 21 95840 22 70642 23 70012 24 99569 29 129330 32 126958 33 67599 34 95683 38 129901 39 92379 42 77837
1 61287 2 54042 3 55310 4 78875 6 57920 7 82506 8 94517 10 71739 13 71226 14 55722 18 34665 19 42109 21 51865 25 40805 26 27305 28 29096 30 39253 32 51194 34 38583 35 30578
1 32042 2 28254 3 28917 4 41237 5 29574 6 30281 7 43135 11 33872 12 33946 15 26068 16 17181 21 28071 23 15279 25 22085 35 16550 36 15816 37 27094 39 20161 41 16267 42 16987
3 61042 4 87050 5 62429 7 91057 9 77803 11 71503 13 78607 15 55029 17 82682 22 59357 23 20875 24 29688 25 30173 30 29025 32 37854 35 22610 36 21607 39 27544 40 24335 41 22223
1 21138 2 18639 3 19076 8 32599 9 24315 11 22345 12 22394 15 17197 20 19461 21 33775 22 6135 25 8789 27 9579 28 6267 32 11026 33 5871 34 8310 37 10782 40 7088 42 6760
0 23413 1 18881 2 16649 6 17844 9 21718 10 22101 12 20003 15 15361 19 24493 21 30169 22 10600 23 10506 25 15185 28 10828 29 19407 30 14607 32 19051 34 14358 38 19493 42 11680
1 28253 4 36361 7 38035 9 32499 11 29867 12 29932 13 32835 14 25688 18 30172 19 36651 22 51068 27 79738 30 70372 33 48868 34 69171 35 54820 38 93908 39 66782 41 53882 42 56270
0 75203 1 60646 4 78049 5 55975 8 93528 9 69759 10 70988 12 64249 15 49340 17 74134 24 3201 25 3253 27 3546 29 4158 30 3129 34 3076 35 2438 37 3991 38 4176 42 2502
2 17948 4 26196 8 31391 9 23413 10 23826 11 21517 16 19905 20 18739 21 32523 22 17862 23 84163 24 119694 28 86743 30 117021 32 152620 33 81263 34 115023 35 91159 36 87117 40 98113
1 91055 2 80290 3 82174 4 117185 5 84041 6 86052 7 122580 11 96256 13 105820 14 82787 18 23090 21 34546 22 18973 26 18187 29 34736 31 23467 32 34099 34 25699 41 20019 42 20906
2 50414 5 52769 8 88171 11 60438 13 66443 14 51981 19 74167 22 50171 23 49724 27 78337 29 74908 30 56382 32 73535 33 39153 35 43922 36 41974 37 71906 38 75239 39 53506 40 47272
0 24315 1 19608 6 18531 7 26398 8 30240 11 20729 13 22788 15 15953 19 25437 22 17207 25 91218 26 61039 28 65044 29 116579 30 87747 33 60934 35 68355 36 65324 39 83271 40 73569
2 44932 4 65579 10 59646 11 53866 13 59219 14 46329 15 41456 20 46913 21 81418 22 44716 23 57692 24 82048 26 55800 28 59461 29 106573 34 78847 36 59717 37 102301 41 61419 42 64141
0 60858 2 43276 8 75687 9 56452 12 51993 14 44621 16 47994 17 59993 18 52411 19 63666 20 77438 21 134396 23 73154 25 105737 26 70755 31 91294 32 132657 35 79235 37 129718 42 81331
2 58384 6 62573 13 76948 17 80937 18 70709 20 60957 21 105793 23 57585 25 83233 26 55696 27 43492 28 28452 30 38384 32 50061 33 26655 34 37729 35 29901 37 48952 38 51221 39 36426
0 78872 1 63605 2 56086 4 81858 6 60110 7 85626 9 73163 10 74452 15 51747 18 67926 21 6819 22 3745 25 5365 27 5847 28 3825 33 3583 39 4897 40 4327 41 3951 42 4126
1 17563 2 15486 4 22603 5 16210 9 20202 11 18566 12 18606 14 15968 15 14288 16 17175 17 15356 19 16297 20 11566 21 20073 24 15538 31 13635 33 10549 34 14932 35 11834 37 19374
1 59921 3 54077 4 77117 8 92410 14 54480 15 48750 16 58598 18 63992 20 55167 22 52584 23 30235 25 43702 26 29244 27 47634 31 37732 33 29193 34 41322 37 53614 38 56099 41 32188
1 45922 3 41443 4 59100 5 42385 6 43399 7 61821 14 41752 16 44908 18 49042 19 59572 20 36449 21 63257 23 34432 24 48968 25 49768 30 47875 33 33245 34 47057 37 61055 41 36656
0 23990 2 17059 3 17459 4 24898 6 18283 7 26044 9 22253 11 20451 14 17589 15 15739 17 15835 20 11926 21 20698 24 16023 25 16285 32 20431 36 11662 39 14866 40 13134 42 12526
0 20730 3 15087 5 15430 6 15799 7 22506 8 25782 10 19569 13 19429 16 16349 17 20436 18 13867 19 16845 25 16323 26 10923 27 17792 29 20862 32 20479 35 12232 38 20954 40 13165
2 73817 3 75549 5 77266 6 79114 7 112697 10 97990 13 97289 15 68107 16 81865 20 77071 23 64946 26 62816 28 66937 32 117772 33 62708 36 67226 37 115163 39 85694 40 75711 42 72205
0 89886 1 72486 3 65417 4 93288 6 68503 7 97583 11 76627 17 88608 20 66735 26 60975 27 1817 29 2130 30 1603 31 1439 35 1249 37 2045 39 1521 40 1344 41 1227 42 1282
0 19074 3 13881 6 14536 9 17693 12 16295 13 17876 16 15042 17 18803 18 16426 19 19954 20 45450 22 43322 26 41527 28 44251 29 79312 30 59697 31 53581 38 79663 39 56652 40 50051
4 76478 6 56159 11 62819 12 62956 13 69061 17 72641 18 63461 20 54709 21 94950 23 51683 25 54238 29 69317 30 52174 32 68046 34 51283 36 38841 37 66539 38 69623 39 49512 42 41719
0 49770 2 35391 3 36221 4 51654 5 37045 7 54032 8 61897 10 46981 11 42428 15 32654 16 32436 17 40545 18 35421 23 28847 28 29731 29 53288 31 36000 32 52311 37 51152 39 38063
0 57097 1 46045 3 41554 8 71010 11 48675 12 48781 14 41864 15 37461 20 42391 21 73571 24 51949 30 50789 31 45586 33 35269 35 39564 36 37810 37 64772 38 67775 40 42583 42 40611
0 112900 1 91046 2 80283 3 82166 4 117174 6 86043 7 122569 12 96456 13 105810 16 89036 17 40272 23 28653 24 40749 29 52930 31 35758 33 27665 38 53163 39 37807 40 33402 41 30504
1 17150 2 15122 4 22072 6 16208 8 26449 9 19727 11 18130 14 15593 16 16771 22 15050 23 6722 26 6501 27 10590 28 6928 29 12418 30 9346 33 6490 36 6958 38 12472 39 8870
1 97892 2 86320 3 88345 5 90353 11 103484 12 103709 14 89004 19 126991 22 85906 23 85139 26 43649 29 83366 30 62748 32 81837 33 43574 35 48881 36 46713 37 80024 38 83734 40 52609
3 45016 8 76927 9 57377 11 52731 16 48780 17 60976 18 53270 19 64709 24 61698 25 62706 28 30029 29 53821 32 52834 33 28131 34 39818 35 31557 36 30158 37 51663 38 54058 42 32392
0 107654 1 86815 2 76552 5 80129 6 82045 8 133886 9 99861 10 101620 13 100893 24 107381 29 144003 30 108389 31 97285 33 75268 36 80691 37 138231 38 144639 40 90876 41 82991 42 86668
0 27535 1 22205 2 19580 6 20985 7 29893 8 34245 9 25542 11 23474 15 18066 17 27144 19 19573 22 13240 24 18662 27 20674 28 13525 30 18245 33 12670 34 17934 41 13970 42 14589
1 65154 3 58799 8 100480 12 69025 14 59238 16 63716 23 56666 24 80588 25 81905 27 89274 28 4514 29 8091 30 6090 31 5466 34 5986 35 4744 37 7766 39 5779 40 5106 42 4869
0 47417 1 38238 2 33718 9 43984 11 40422 16 37394 17 46743 19 49604 21 61098 22 33556 24 105544 26 71780 27 116920 28 76489 32 134577 33 71656 34 101425 37 131596 39 97922 41 79008
2 71823 5 75178 8 125614 10 95342 11 86104 13 94660 14 74056 18 86985 19 105663 21 130145 22 80140 23 79425 25 114801 26 76820 27 125130 29 146718 33 76687 34 108547 35 86026 40 92589
2 18382 3 18813 4 26828 5 19240 6 19701 8 32149 12 22085 13 24226 16 20386 17 25482 19 5477 20 3887 21 6746 27 5785 31 4582 32 6659 33 3545 36 3801 38 6813 42 4082
0 42473 8 52823 10 40093 11 36208 13 39806 14 31142 18 36578 20 31534 21 54728 23 29789 24 54810 28 39721 29 71192 31 48096 32 69887 33 37211 35 41743 36 39892 37 68339 41 41029
0 55315 1 44607 2 39334 3 40257 4 57409 5 41172 6 42156 16 43623 17 54528 19 57867 20 7981 21 13852 24 10723 27 11879 30 10483 34 10304 36 7804 38 13990 40 8789 42 8382
0 102599 1 82739 3 74669 9 95173 10 96849 11 87465 13 96156 17 101141 21 132202 26 69600 27 38575 30 34044 32 44400 33 23641 34 33463 35 26520 38 45429 39 32307 40 28543 41 26066
0 38563 1 31099 4 40023 5 28703 6 29390 9 35772 14 28275 16 30412 22 27291 23 27047 25 9730 26 6511 29 12436 30 9360 33 6500 36 6968 38 12491 39 8883 40 7848 41 7167
1 46236 2 40770 4 59504 14 42038 15 37616 16 45215 17 56519 18 49377 21 73877 24 57189 25 12911 26 8639 27 14072 32 16198 34 12207 35 9675 36 9246 37 15839 38 16573 40 10413
0 37852 1 30525 3 27547 4 39284 11 32268 14 27753 15 24834 16 29851 17 37314 19 39598 20 17763 21 30829 25 24255 28 17295 32 30430 34 22933 36 17369 39 22141 40 19562 42 18656
0 57123 2 40620 3 41573 4 59285 5 42518 6 43534 11 48697 13 53536 14 41883 16 45049 18 25169 20 21698 22 20682 23 20497 24 29151 25 29627 27 32293 33 19791 40 23895 42 22788
0 25058 2 17819 3 18237 7 27204 9 23244 12 21408 14 18373 15 16440 22 17733 24 24995 25 10076 28 7184 31 8699 32 12641 33 6730 34 9527 35 7550 39 9198 40 8126 42 7750
0 43774 2 31128 3 31858 4 45431 7 47523 10 41321 12 37398 14 32096 15 28720 18 37699 19 1504 24 1434 26 975 28 1039 30 1402 31 1258 35 1092 38 1871 41 1073 42 1121
0 118669 1 95698 2 84385 3 86365 6 90440 9 110079 11 101165 12 101385 14 87009 16 93586 18 35869 19 43571 24 41543 28 30107 29 53961 31 36455 35 31639 39 38543 40 34053 41 31098
10 18264 11 16495 12 16531 17 19074 20 14365 22 13693 23 13571 24 19300 27 21380 29 25069 30 3264 31 2929 32 4257 34 3208 35 2542 36 2430 37 4163 38 4356 39 3097 42 2610
2 75923 7 115912 9 99040 13 100063 14 78283 15 70050 16 84201 17 105251 21 137574 23 74884 25 25442 27 27731 28 18142 31 21967 32 31919 33 16995 34 24056 36 18220 37 31212 41 18739
0 34677 1 27964 2 24659 6 26428 8 43127 9 32167 10 32733 11 29562 13 32499 15 22751 19 19274 20 13679 27 20358 30 17967 31 16126 32 23433 34 17660 35 13996 39 17050 40 15064
0 90513 1 72992 4 93939 5 67370 6 68982 7 98264 9 83961 10 85440 12 77329 13 84829 15 71155 16 85529 17 106912 18 93401 27 119837 29 140513 30 105762 33 73444 37 134880 40 88673
0 115425 1 93082 3 84003 5 85912 6 87967 8 143550 9 107070 10 108956 11 98399 14 84630 17 27174 18 23740 19 28837 21 35519 25 27945 31 24127 32 35059 33 18667 36 20012 40 22538
0 81202 1 65484 5 60440 8 100989 11 69224 12 69375 13 76103 15 53276 16 64038 18 69932 21 131640 22 72299 27 112888 28 73851 33 69185 35 77610 36 74169 38 132948 39 94545 40 83530
0 87655 3 63793 4 90973 5 65243 6 66804 7 95161 9 81310 12 74888 15 57510 17 86409 18 35200 19 42758 21 52665 30 39858 31 35775 32 51984 34 39178 37 50832 39 37825 40 33418
0 73041 1 58902 2 51939 6 55666 10 68948 11 62267 14 53554 15 47922 16 57602 19 76411 20 50256 22 47903 23 47475 24 67518 26 45918 28 48931 31 59247 34 64883 35 51421 36 49142
0 88375 3 64317 4 91720 9 81978 10 83422 11 75339 14 64797 15 57982 16 69695 18 76109 24 40018 27 44331 30 39124 34 38456 35 30477 37 49896 39 37128 40 32802 41 29956 42 31284
0 33932 2 24129 3 24695 5 25256 9 31476 14 24879 15 22262 16 26760 17 33450 22 24013 25 19318 26 12927 28 13775 30 18583 31 16679 32 24237 34 18266 35 14476 39 17635 41 14229
2 71738 3 73421 5 75090 10 95230 11 86003 12 86190 13 94549 16 79560 17 99450 18 86883 25 40162 26 26875 29 51328 30 38634 32 50387 33 26828 34 37974 35 30095 38 51554 40 32391
0 86242 1 69548 2 61326 3 62765 5 64191 7 93627 8 107257 9 79999 14 63233 15 56583 18 110141 22 90506 26 86757 28 92448 33 86607 35 97154 36 92847 37 159054 40 104565 42 99724
0 38535 2 27402 8 47926 9 35746 10 36376 14 28254 15 25283 16 30390 20 28610 23 27027 24 14683 28 10641 29 19072 31 12884 32 18722 35 11182 36 10687 39 13623 41 10991 42 11478
2 55147 3 56440 6 59104 8 96449 9 71938 12 66256 16 61160 18 66789 20 57578 21 99928 22 73989 24 104286 25 105989 26 70924 28 75577 31 91511 34 100216 35 79424 36 75902 39 96755
0 102787 2 73091 7 111589 8 127833 13 96332 14 75364 17 101326 18 88521 20 76313 21 132444 22 81329 24 114631 25 116504 26 77960 31 100590 33 77825 34 110158 38 149552 39 106353 41 85810
